 -1.0000000000000000E+00 -1.0000000000000000E+00  1.2246467991473532E-16
 -9.0000000000000002E-01 -1.0000000000000000E+00  3.0901699437494751E-01
 -8.0000000000000004E-01 -1.0000000000000000E+00  5.8778525229247325E-01
 -6.9999999999999996E-01 -1.0000000000000000E+00  8.0901699437494745E-01
 -5.9999999999999998E-01 -1.0000000000000000E+00  9.5105651629515364E-01
 -5.0000000000000000E-01 -1.0000000000000000E+00  1.0000000000000000E+00
 -3.9999999999999991E-01 -1.0000000000000000E+00  9.5105651629515353E-01
 -2.9999999999999993E-01 -1.0000000000000000E+00  8.0901699437494723E-01
 -1.9999999999999996E-01 -1.0000000000000000E+00  5.8778525229247303E-01
 -9.9999999999999978E-02 -1.0000000000000000E+00  3.0901699437494734E-01
  0.0000000000000000E+00 -1.0000000000000000E+00 -0.0000000000000000E+00
  1.0000000000000009E-01 -1.0000000000000000E+00 -3.0901699437494767E-01
  2.0000000000000018E-01 -1.0000000000000000E+00 -5.8778525229247358E-01
  3.0000000000000004E-01 -1.0000000000000000E+00 -8.0901699437494745E-01
  4.0000000000000013E-01 -1.0000000000000000E+00 -9.5105651629515364E-01
  5.0000000000000000E-01 -1.0000000000000000E+00 -1.0000000000000000E+00
  6.0000000000000009E-01 -1.0000000000000000E+00 -9.5105651629515353E-01
  7.0000000000000018E-01 -1.0000000000000000E+00 -8.0901699437494723E-01
  8.0000000000000004E-01 -1.0000000000000000E+00 -5.8778525229247325E-01
  9.0000000000000013E-01 -1.0000000000000000E+00 -3.0901699437494712E-01
  1.0000000000000000E+00 -1.0000000000000000E+00 -1.2246467991473532E-16
 -1.0000000000000000E+00 -9.0000000000000002E-01  1.1647083184890923E-16
 -9.0000000000000002E-01 -9.0000000000000002E-01  2.9389262614623662E-01
 -8.0000000000000004E-01 -9.0000000000000002E-01  5.5901699437494756E-01
 -6.9999999999999996E-01 -9.0000000000000002E-01  7.6942088429381339E-01
 -5.9999999999999998E-01 -9.0000000000000002E-01  9.0450849718747373E-01
 -5.0000000000000000E-01 -9.0000000000000002E-01  9.5105651629515353E-01
 -3.9999999999999991E-01 -9.0000000000000002E-01  9.0450849718747361E-01
 -2.9999999999999993E-01 -9.0000000000000002E-01  7.6942088429381317E-01
 -1.9999999999999996E-01 -9.0000000000000002E-01  5.5901699437494734E-01
 -9.9999999999999978E-02 -9.0000000000000002E-01  2.9389262614623646E-01
  0.0000000000000000E+00 -9.0000000000000002E-01 -0.0000000000000000E+00
  1.0000000000000009E-01 -9.0000000000000002E-01 -2.9389262614623679E-01
  2.0000000000000018E-01 -9.0000000000000002E-01 -5.5901699437494778E-01
  3.0000000000000004E-01 -9.0000000000000002E-01 -7.6942088429381339E-01
  4.0000000000000013E-01 -9.0000000000000002E-01 -9.0450849718747373E-01
  5.0000000000000000E-01 -9.0000000000000002E-01 -9.5105651629515353E-01
  6.0000000000000009E-01 -9.0000000000000002E-01 -9.0450849718747361E-01
  7.0000000000000018E-01 -9.0000000000000002E-01 -7.6942088429381317E-01
  8.0000000000000004E-01 -9.0000000000000002E-01 -5.5901699437494756E-01
  9.0000000000000013E-01 -9.0000000000000002E-01 -2.9389262614623624E-01
  1.0000000000000000E+00 -9.0000000000000002E-01 -1.1647083184890923E-16
 -1.0000000000000000E+00 -8.0000000000000004E-01  9.9076007261709147E-17
 -9.0000000000000002E-01 -8.0000000000000004E-01  2.5000000000000006E-01
 -8.0000000000000004E-01 -8.0000000000000004E-01  4.7552825814757682E-01
 -6.9999999999999996E-01 -8.0000000000000004E-01  6.5450849718747361E-01
 -5.9999999999999998E-01 -8.0000000000000004E-01  7.6942088429381328E-01
 -5.0000000000000000E-01 -8.0000000000000004E-01  8.0901699437494734E-01
 -3.9999999999999991E-01 -8.0000000000000004E-01  7.6942088429381328E-01
 -2.9999999999999993E-01 -8.0000000000000004E-01  6.5450849718747350E-01
 -1.9999999999999996E-01 -8.0000000000000004E-01  4.7552825814757665E-01
 -9.9999999999999978E-02 -8.0000000000000004E-01  2.4999999999999992E-01
  0.0000000000000000E+00 -8.0000000000000004E-01 -0.0000000000000000E+00
  1.0000000000000009E-01 -8.0000000000000004E-01 -2.5000000000000017E-01
  2.0000000000000018E-01 -8.0000000000000004E-01 -4.7552825814757710E-01
  3.0000000000000004E-01 -8.0000000000000004E-01 -6.5450849718747361E-01
  4.0000000000000013E-01 -8.0000000000000004E-01 -7.6942088429381328E-01
  5.0000000000000000E-01 -8.0000000000000004E-01 -8.0901699437494734E-01
  6.0000000000000009E-01 -8.0000000000000004E-01 -7.6942088429381328E-01
  7.0000000000000018E-01 -8.0000000000000004E-01 -6.5450849718747350E-01
  8.0000000000000004E-01 -8.0000000000000004E-01 -4.7552825814757682E-01
  9.0000000000000013E-01 -8.0000000000000004E-01 -2.4999999999999972E-01
  1.0000000000000000E+00 -8.0000000000000004E-01 -9.9076007261709147E-17
 -1.0000000000000000E+00 -6.9999999999999996E-01  7.1982932780599651E-17
 -9.0000000000000002E-01 -6.9999999999999996E-01  1.8163563200134022E-01
 -8.0000000000000004E-01 -6.9999999999999996E-01  3.4549150281252627E-01
 -6.9999999999999996E-01 -6.9999999999999996E-01  4.7552825814757671E-01
 -5.9999999999999998E-01 -6.9999999999999996E-01  5.5901699437494734E-01
 -5.0000000000000000E-01 -6.9999999999999996E-01  5.8778525229247303E-01
 -3.9999999999999991E-01 -6.9999999999999996E-01  5.5901699437494734E-01
 -2.9999999999999993E-01 -6.9999999999999996E-01  4.7552825814757660E-01
 -1.9999999999999996E-01 -6.9999999999999996E-01  3.4549150281252616E-01
 -9.9999999999999978E-02 -6.9999999999999996E-01  1.8163563200134014E-01
  0.0000000000000000E+00 -6.9999999999999996E-01 -0.0000000000000000E+00
  1.0000000000000009E-01 -6.9999999999999996E-01 -1.8163563200134034E-01
  2.0000000000000018E-01 -6.9999999999999996E-01 -3.4549150281252650E-01
  3.0000000000000004E-01 -6.9999999999999996E-01 -4.7552825814757671E-01
  4.0000000000000013E-01 -6.9999999999999996E-01 -5.5901699437494734E-01
  5.0000000000000000E-01 -6.9999999999999996E-01 -5.8778525229247303E-01
  6.0000000000000009E-01 -6.9999999999999996E-01 -5.5901699437494734E-01
  7.0000000000000018E-01 -6.9999999999999996E-01 -4.7552825814757660E-01
  8.0000000000000004E-01 -6.9999999999999996E-01 -3.4549150281252627E-01
  9.0000000000000013E-01 -6.9999999999999996E-01 -1.8163563200134000E-01
  1.0000000000000000E+00 -6.9999999999999996E-01 -7.1982932780599651E-17
 -1.0000000000000000E+00 -5.9999999999999998E-01  3.7843667304341493E-17
 -9.0000000000000002E-01 -5.9999999999999998E-01  9.5491502812526288E-02
 -8.0000000000000004E-01 -5.9999999999999998E-01  1.8163563200134020E-01
 -6.9999999999999996E-01 -5.9999999999999998E-01  2.4999999999999994E-01
 -5.9999999999999998E-01 -5.9999999999999998E-01  2.9389262614623651E-01
 -5.0000000000000000E-01 -5.9999999999999998E-01  3.0901699437494734E-01
 -3.9999999999999991E-01 -5.9999999999999998E-01  2.9389262614623646E-01
 -2.9999999999999993E-01 -5.9999999999999998E-01  2.4999999999999986E-01
 -1.9999999999999996E-01 -5.9999999999999998E-01  1.8163563200134014E-01
 -9.9999999999999978E-02 -5.9999999999999998E-01  9.5491502812526233E-02
  0.0000000000000000E+00 -5.9999999999999998E-01 -0.0000000000000000E+00
  1.0000000000000009E-01 -5.9999999999999998E-01 -9.5491502812526344E-02
  2.0000000000000018E-01 -5.9999999999999998E-01 -1.8163563200134031E-01
  3.0000000000000004E-01 -5.9999999999999998E-01 -2.4999999999999994E-01
  4.0000000000000013E-01 -5.9999999999999998E-01 -2.9389262614623651E-01
  5.0000000000000000E-01 -5.9999999999999998E-01 -3.0901699437494734E-01
  6.0000000000000009E-01 -5.9999999999999998E-01 -2.9389262614623646E-01
  7.0000000000000018E-01 -5.9999999999999998E-01 -2.4999999999999986E-01
  8.0000000000000004E-01 -5.9999999999999998E-01 -1.8163563200134020E-01
  9.0000000000000013E-01 -5.9999999999999998E-01 -9.5491502812526163E-02
  1.0000000000000000E+00 -5.9999999999999998E-01 -3.7843667304341493E-17
 -1.0000000000000000E+00 -5.0000000000000000E-01 -7.4987989133092880E-33
 -9.0000000000000002E-01 -5.0000000000000000E-01 -1.8921833652170756E-17
 -8.0000000000000004E-01 -5.0000000000000000E-01 -3.5991466390299838E-17
 -6.9999999999999996E-01 -5.0000000000000000E-01 -4.9538003630854580E-17
 -5.9999999999999998E-01 -5.0000000000000000E-01 -5.8235415924454630E-17
 -5.0000000000000000E-01 -5.0000000000000000E-01 -6.1232339957367660E-17
 -3.9999999999999991E-01 -5.0000000000000000E-01 -5.8235415924454617E-17
 -2.9999999999999993E-01 -5.0000000000000000E-01 -4.9538003630854568E-17
 -1.9999999999999996E-01 -5.0000000000000000E-01 -3.5991466390299825E-17
 -9.9999999999999978E-02 -5.0000000000000000E-01 -1.8921833652170747E-17
  0.0000000000000000E+00 -5.0000000000000000E-01  0.0000000000000000E+00
  1.0000000000000009E-01 -5.0000000000000000E-01  1.8921833652170765E-17
  2.0000000000000018E-01 -5.0000000000000000E-01  3.5991466390299862E-17
  3.0000000000000004E-01 -5.0000000000000000E-01  4.9538003630854580E-17
  4.0000000000000013E-01 -5.0000000000000000E-01  5.8235415924454630E-17
  5.0000000000000000E-01 -5.0000000000000000E-01  6.1232339957367660E-17
  6.0000000000000009E-01 -5.0000000000000000E-01  5.8235415924454617E-17
  7.0000000000000018E-01 -5.0000000000000000E-01  4.9538003630854568E-17
  8.0000000000000004E-01 -5.0000000000000000E-01  3.5991466390299838E-17
  9.0000000000000013E-01 -5.0000000000000000E-01  1.8921833652170731E-17
  1.0000000000000000E+00 -5.0000000000000000E-01  7.4987989133092880E-33
 -1.0000000000000000E+00 -3.9999999999999991E-01 -3.7843667304341530E-17
 -9.0000000000000002E-01 -3.9999999999999991E-01 -9.5491502812526385E-02
 -8.0000000000000004E-01 -3.9999999999999991E-01 -1.8163563200134039E-01
 -6.9999999999999996E-01 -3.9999999999999991E-01 -2.5000000000000022E-01
 -5.9999999999999998E-01 -3.9999999999999991E-01 -2.9389262614623685E-01
 -5.0000000000000000E-01 -3.9999999999999991E-01 -3.0901699437494767E-01
 -3.9999999999999991E-01 -3.9999999999999991E-01 -2.9389262614623679E-01
 -2.9999999999999993E-01 -3.9999999999999991E-01 -2.5000000000000017E-01
 -1.9999999999999996E-01 -3.9999999999999991E-01 -1.8163563200134034E-01
 -9.9999999999999978E-02 -3.9999999999999991E-01 -9.5491502812526344E-02
  0.0000000000000000E+00 -3.9999999999999991E-01  0.0000000000000000E+00
  1.0000000000000009E-01 -3.9999999999999991E-01  9.5491502812526441E-02
  2.0000000000000018E-01 -3.9999999999999991E-01  1.8163563200134050E-01
  3.0000000000000004E-01 -3.9999999999999991E-01  2.5000000000000022E-01
  4.0000000000000013E-01 -3.9999999999999991E-01  2.9389262614623685E-01
  5.0000000000000000E-01 -3.9999999999999991E-01  3.0901699437494767E-01
  6.0000000000000009E-01 -3.9999999999999991E-01  2.9389262614623679E-01
  7.0000000000000018E-01 -3.9999999999999991E-01  2.5000000000000017E-01
  8.0000000000000004E-01 -3.9999999999999991E-01  1.8163563200134039E-01
  9.0000000000000013E-01 -3.9999999999999991E-01  9.5491502812526274E-02
  1.0000000000000000E+00 -3.9999999999999991E-01  3.7843667304341530E-17
 -1.0000000000000000E+00 -2.9999999999999993E-01 -7.1982932780599700E-17
 -9.0000000000000002E-01 -2.9999999999999993E-01 -1.8163563200134034E-01
 -8.0000000000000004E-01 -2.9999999999999993E-01 -3.4549150281252650E-01
 -6.9999999999999996E-01 -2.9999999999999993E-01 -4.7552825814757699E-01
 -5.9999999999999998E-01 -2.9999999999999993E-01 -5.5901699437494767E-01
 -5.0000000000000000E-01 -2.9999999999999993E-01 -5.8778525229247336E-01
 -3.9999999999999991E-01 -2.9999999999999993E-01 -5.5901699437494767E-01
 -2.9999999999999993E-01 -2.9999999999999993E-01 -4.7552825814757688E-01
 -1.9999999999999996E-01 -2.9999999999999993E-01 -3.4549150281252639E-01
 -9.9999999999999978E-02 -2.9999999999999993E-01 -1.8163563200134025E-01
  0.0000000000000000E+00 -2.9999999999999993E-01  0.0000000000000000E+00
  1.0000000000000009E-01 -2.9999999999999993E-01  1.8163563200134045E-01
  2.0000000000000018E-01 -2.9999999999999993E-01  3.4549150281252666E-01
  3.0000000000000004E-01 -2.9999999999999993E-01  4.7552825814757699E-01
  4.0000000000000013E-01 -2.9999999999999993E-01  5.5901699437494767E-01
  5.0000000000000000E-01 -2.9999999999999993E-01  5.8778525229247336E-01
  6.0000000000000009E-01 -2.9999999999999993E-01  5.5901699437494767E-01
  7.0000000000000018E-01 -2.9999999999999993E-01  4.7552825814757688E-01
  8.0000000000000004E-01 -2.9999999999999993E-01  3.4549150281252650E-01
  9.0000000000000013E-01 -2.9999999999999993E-01  1.8163563200134011E-01
  1.0000000000000000E+00 -2.9999999999999993E-01  7.1982932780599700E-17
 -1.0000000000000000E+00 -1.9999999999999996E-01 -9.9076007261709160E-17
 -9.0000000000000002E-01 -1.9999999999999996E-01 -2.5000000000000006E-01
 -8.0000000000000004E-01 -1.9999999999999996E-01 -4.7552825814757688E-01
 -6.9999999999999996E-01 -1.9999999999999996E-01 -6.5450849718747373E-01
 -5.9999999999999998E-01 -1.9999999999999996E-01 -7.6942088429381339E-01
 -5.0000000000000000E-01 -1.9999999999999996E-01 -8.0901699437494745E-01
 -3.9999999999999991E-01 -1.9999999999999996E-01 -7.6942088429381339E-01
 -2.9999999999999993E-01 -1.9999999999999996E-01 -6.5450849718747361E-01
 -1.9999999999999996E-01 -1.9999999999999996E-01 -4.7552825814757671E-01
 -9.9999999999999978E-02 -1.9999999999999996E-01 -2.4999999999999994E-01
  0.0000000000000000E+00 -1.9999999999999996E-01  0.0000000000000000E+00
  1.0000000000000009E-01 -1.9999999999999996E-01  2.5000000000000022E-01
  2.0000000000000018E-01 -1.9999999999999996E-01  4.7552825814757715E-01
  3.0000000000000004E-01 -1.9999999999999996E-01  6.5450849718747373E-01
  4.0000000000000013E-01 -1.9999999999999996E-01  7.6942088429381339E-01
  5.0000000000000000E-01 -1.9999999999999996E-01  8.0901699437494745E-01
  6.0000000000000009E-01 -1.9999999999999996E-01  7.6942088429381339E-01
  7.0000000000000018E-01 -1.9999999999999996E-01  6.5450849718747361E-01
  8.0000000000000004E-01 -1.9999999999999996E-01  4.7552825814757688E-01
  9.0000000000000013E-01 -1.9999999999999996E-01  2.4999999999999975E-01
  1.0000000000000000E+00 -1.9999999999999996E-01  9.9076007261709160E-17
 -1.0000000000000000E+00 -9.9999999999999978E-02 -1.1647083184890926E-16
 -9.0000000000000002E-01 -9.9999999999999978E-02 -2.9389262614623668E-01
 -8.0000000000000004E-01 -9.9999999999999978E-02 -5.5901699437494756E-01
 -6.9999999999999996E-01 -9.9999999999999978E-02 -7.6942088429381339E-01
 -5.9999999999999998E-01 -9.9999999999999978E-02 -9.0450849718747384E-01
 -5.0000000000000000E-01 -9.9999999999999978E-02 -9.5105651629515364E-01
 -3.9999999999999991E-01 -9.9999999999999978E-02 -9.0450849718747373E-01
 -2.9999999999999993E-01 -9.9999999999999978E-02 -7.6942088429381317E-01
 -1.9999999999999996E-01 -9.9999999999999978E-02 -5.5901699437494734E-01
 -9.9999999999999978E-02 -9.9999999999999978E-02 -2.9389262614623651E-01
  0.0000000000000000E+00 -9.9999999999999978E-02  0.0000000000000000E+00
  1.0000000000000009E-01 -9.9999999999999978E-02  2.9389262614623685E-01
  2.0000000000000018E-01 -9.9999999999999978E-02  5.5901699437494790E-01
  3.0000000000000004E-01 -9.9999999999999978E-02  7.6942088429381339E-01
  4.0000000000000013E-01 -9.9999999999999978E-02  9.0450849718747384E-01
  5.0000000000000000E-01 -9.9999999999999978E-02  9.5105651629515364E-01
  6.0000000000000009E-01 -9.9999999999999978E-02  9.0450849718747373E-01
  7.0000000000000018E-01 -9.9999999999999978E-02  7.6942088429381317E-01
  8.0000000000000004E-01 -9.9999999999999978E-02  5.5901699437494756E-01
  9.0000000000000013E-01 -9.9999999999999978E-02  2.9389262614623629E-01
  1.0000000000000000E+00 -9.9999999999999978E-02  1.1647083184890926E-16
 -1.0000000000000000E+00  0.0000000000000000E+00 -1.2246467991473532E-16
 -9.0000000000000002E-01  0.0000000000000000E+00 -3.0901699437494751E-01
 -8.0000000000000004E-01  0.0000000000000000E+00 -5.8778525229247325E-01
 -6.9999999999999996E-01  0.0000000000000000E+00 -8.0901699437494745E-01
 -5.9999999999999998E-01  0.0000000000000000E+00 -9.5105651629515364E-01
 -5.0000000000000000E-01  0.0000000000000000E+00 -1.0000000000000000E+00
 -3.9999999999999991E-01  0.0000000000000000E+00 -9.5105651629515353E-01
 -2.9999999999999993E-01  0.0000000000000000E+00 -8.0901699437494723E-01
 -1.9999999999999996E-01  0.0000000000000000E+00 -5.8778525229247303E-01
 -9.9999999999999978E-02  0.0000000000000000E+00 -3.0901699437494734E-01
  0.0000000000000000E+00  0.0000000000000000E+00  0.0000000000000000E+00
  1.0000000000000009E-01  0.0000000000000000E+00  3.0901699437494767E-01
  2.0000000000000018E-01  0.0000000000000000E+00  5.8778525229247358E-01
  3.0000000000000004E-01  0.0000000000000000E+00  8.0901699437494745E-01
  4.0000000000000013E-01  0.0000000000000000E+00  9.5105651629515364E-01
  5.0000000000000000E-01  0.0000000000000000E+00  1.0000000000000000E+00
  6.0000000000000009E-01  0.0000000000000000E+00  9.5105651629515353E-01
  7.0000000000000018E-01  0.0000000000000000E+00  8.0901699437494723E-01
  8.0000000000000004E-01  0.0000000000000000E+00  5.8778525229247325E-01
  9.0000000000000013E-01  0.0000000000000000E+00  3.0901699437494712E-01
  1.0000000000000000E+00  0.0000000000000000E+00  1.2246467991473532E-16
 -1.0000000000000000E+00  1.0000000000000009E-01 -1.1647083184890923E-16
 -9.0000000000000002E-01  1.0000000000000009E-01 -2.9389262614623662E-01
 -8.0000000000000004E-01  1.0000000000000009E-01 -5.5901699437494756E-01
 -6.9999999999999996E-01  1.0000000000000009E-01 -7.6942088429381339E-01
 -5.9999999999999998E-01  1.0000000000000009E-01 -9.0450849718747373E-01
 -5.0000000000000000E-01  1.0000000000000009E-01 -9.5105651629515353E-01
 -3.9999999999999991E-01  1.0000000000000009E-01 -9.0450849718747361E-01
 -2.9999999999999993E-01  1.0000000000000009E-01 -7.6942088429381317E-01
 -1.9999999999999996E-01  1.0000000000000009E-01 -5.5901699437494734E-01
 -9.9999999999999978E-02  1.0000000000000009E-01 -2.9389262614623646E-01
  0.0000000000000000E+00  1.0000000000000009E-01  0.0000000000000000E+00
  1.0000000000000009E-01  1.0000000000000009E-01  2.9389262614623679E-01
  2.0000000000000018E-01  1.0000000000000009E-01  5.5901699437494778E-01
  3.0000000000000004E-01  1.0000000000000009E-01  7.6942088429381339E-01
  4.0000000000000013E-01  1.0000000000000009E-01  9.0450849718747373E-01
  5.0000000000000000E-01  1.0000000000000009E-01  9.5105651629515353E-01
  6.0000000000000009E-01  1.0000000000000009E-01  9.0450849718747361E-01
  7.0000000000000018E-01  1.0000000000000009E-01  7.6942088429381317E-01
  8.0000000000000004E-01  1.0000000000000009E-01  5.5901699437494756E-01
  9.0000000000000013E-01  1.0000000000000009E-01  2.9389262614623624E-01
  1.0000000000000000E+00  1.0000000000000009E-01  1.1647083184890923E-16
 -1.0000000000000000E+00  2.0000000000000018E-01 -9.9076007261709123E-17
 -9.0000000000000002E-01  2.0000000000000018E-01 -2.4999999999999997E-01
 -8.0000000000000004E-01  2.0000000000000018E-01 -4.7552825814757671E-01
 -6.9999999999999996E-01  2.0000000000000018E-01 -6.5450849718747350E-01
 -5.9999999999999998E-01  2.0000000000000018E-01 -7.6942088429381317E-01
 -5.0000000000000000E-01  2.0000000000000018E-01 -8.0901699437494712E-01
 -3.9999999999999991E-01  2.0000000000000018E-01 -7.6942088429381306E-01
 -2.9999999999999993E-01  2.0000000000000018E-01 -6.5450849718747328E-01
 -1.9999999999999996E-01  2.0000000000000018E-01 -4.7552825814757654E-01
 -9.9999999999999978E-02  2.0000000000000018E-01 -2.4999999999999983E-01
  0.0000000000000000E+00  2.0000000000000018E-01  0.0000000000000000E+00
  1.0000000000000009E-01  2.0000000000000018E-01  2.5000000000000011E-01
  2.0000000000000018E-01  2.0000000000000018E-01  4.7552825814757699E-01
  3.0000000000000004E-01  2.0000000000000018E-01  6.5450849718747350E-01
  4.0000000000000013E-01  2.0000000000000018E-01  7.6942088429381317E-01
  5.0000000000000000E-01  2.0000000000000018E-01  8.0901699437494712E-01
  6.0000000000000009E-01  2.0000000000000018E-01  7.6942088429381306E-01
  7.0000000000000018E-01  2.0000000000000018E-01  6.5450849718747328E-01
  8.0000000000000004E-01  2.0000000000000018E-01  4.7552825814757671E-01
  9.0000000000000013E-01  2.0000000000000018E-01  2.4999999999999967E-01
  1.0000000000000000E+00  2.0000000000000018E-01  9.9076007261709123E-17
 -1.0000000000000000E+00  3.0000000000000004E-01 -7.1982932780599651E-17
 -9.0000000000000002E-01  3.0000000000000004E-01 -1.8163563200134022E-01
 -8.0000000000000004E-01  3.0000000000000004E-01 -3.4549150281252627E-01
 -6.9999999999999996E-01  3.0000000000000004E-01 -4.7552825814757671E-01
 -5.9999999999999998E-01  3.0000000000000004E-01 -5.5901699437494734E-01
 -5.0000000000000000E-01  3.0000000000000004E-01 -5.8778525229247303E-01
 -3.9999999999999991E-01  3.0000000000000004E-01 -5.5901699437494734E-01
 -2.9999999999999993E-01  3.0000000000000004E-01 -4.7552825814757660E-01
 -1.9999999999999996E-01  3.0000000000000004E-01 -3.4549150281252616E-01
 -9.9999999999999978E-02  3.0000000000000004E-01 -1.8163563200134014E-01
  0.0000000000000000E+00  3.0000000000000004E-01  0.0000000000000000E+00
  1.0000000000000009E-01  3.0000000000000004E-01  1.8163563200134034E-01
  2.0000000000000018E-01  3.0000000000000004E-01  3.4549150281252650E-01
  3.0000000000000004E-01  3.0000000000000004E-01  4.7552825814757671E-01
  4.0000000000000013E-01  3.0000000000000004E-01  5.5901699437494734E-01
  5.0000000000000000E-01  3.0000000000000004E-01  5.8778525229247303E-01
  6.0000000000000009E-01  3.0000000000000004E-01  5.5901699437494734E-01
  7.0000000000000018E-01  3.0000000000000004E-01  4.7552825814757660E-01
  8.0000000000000004E-01  3.0000000000000004E-01  3.4549150281252627E-01
  9.0000000000000013E-01  3.0000000000000004E-01  1.8163563200134000E-01
  1.0000000000000000E+00  3.0000000000000004E-01  7.1982932780599651E-17
 -1.0000000000000000E+00  4.0000000000000013E-01 -3.7843667304341456E-17
 -9.0000000000000002E-01  4.0000000000000013E-01 -9.5491502812526205E-02
 -8.0000000000000004E-01  4.0000000000000013E-01 -1.8163563200134006E-01
 -6.9999999999999996E-01  4.0000000000000013E-01 -2.4999999999999972E-01
 -5.9999999999999998E-01  4.0000000000000013E-01 -2.9389262614623624E-01
 -5.0000000000000000E-01  4.0000000000000013E-01 -3.0901699437494706E-01
 -3.9999999999999991E-01  4.0000000000000013E-01 -2.9389262614623624E-01
 -2.9999999999999993E-01  4.0000000000000013E-01 -2.4999999999999964E-01
 -1.9999999999999996E-01  4.0000000000000013E-01 -1.8163563200133997E-01
 -9.9999999999999978E-02  4.0000000000000013E-01 -9.5491502812526149E-02
  0.0000000000000000E+00  4.0000000000000013E-01  0.0000000000000000E+00
  1.0000000000000009E-01  4.0000000000000013E-01  9.5491502812526247E-02
  2.0000000000000018E-01  4.0000000000000013E-01  1.8163563200134014E-01
  3.0000000000000004E-01  4.0000000000000013E-01  2.4999999999999972E-01
  4.0000000000000013E-01  4.0000000000000013E-01  2.9389262614623624E-01
  5.0000000000000000E-01  4.0000000000000013E-01  3.0901699437494706E-01
  6.0000000000000009E-01  4.0000000000000013E-01  2.9389262614623624E-01
  7.0000000000000018E-01  4.0000000000000013E-01  2.4999999999999964E-01
  8.0000000000000004E-01  4.0000000000000013E-01  1.8163563200134006E-01
  9.0000000000000013E-01  4.0000000000000013E-01  9.5491502812526080E-02
  1.0000000000000000E+00  4.0000000000000013E-01  3.7843667304341456E-17
 -1.0000000000000000E+00  5.0000000000000000E-01 -7.4987989133092880E-33
 -9.0000000000000002E-01  5.0000000000000000E-01 -1.8921833652170756E-17
 -8.0000000000000004E-01  5.0000000000000000E-01 -3.5991466390299838E-17
 -6.9999999999999996E-01  5.0000000000000000E-01 -4.9538003630854580E-17
 -5.9999999999999998E-01  5.0000000000000000E-01 -5.8235415924454630E-17
 -5.0000000000000000E-01  5.0000000000000000E-01 -6.1232339957367660E-17
 -3.9999999999999991E-01  5.0000000000000000E-01 -5.8235415924454617E-17
 -2.9999999999999993E-01  5.0000000000000000E-01 -4.9538003630854568E-17
 -1.9999999999999996E-01  5.0000000000000000E-01 -3.5991466390299825E-17
 -9.9999999999999978E-02  5.0000000000000000E-01 -1.8921833652170747E-17
  0.0000000000000000E+00  5.0000000000000000E-01  0.0000000000000000E+00
  1.0000000000000009E-01  5.0000000000000000E-01  1.8921833652170765E-17
  2.0000000000000018E-01  5.0000000000000000E-01  3.5991466390299862E-17
  3.0000000000000004E-01  5.0000000000000000E-01  4.9538003630854580E-17
  4.0000000000000013E-01  5.0000000000000000E-01  5.8235415924454630E-17
  5.0000000000000000E-01  5.0000000000000000E-01  6.1232339957367660E-17
  6.0000000000000009E-01  5.0000000000000000E-01  5.8235415924454617E-17
  7.0000000000000018E-01  5.0000000000000000E-01  4.9538003630854568E-17
  8.0000000000000004E-01  5.0000000000000000E-01  3.5991466390299838E-17
  9.0000000000000013E-01  5.0000000000000000E-01  1.8921833652170731E-17
  1.0000000000000000E+00  5.0000000000000000E-01  7.4987989133092880E-33
 -1.0000000000000000E+00  6.0000000000000009E-01  3.7843667304341518E-17
 -9.0000000000000002E-01  6.0000000000000009E-01  9.5491502812526358E-02
 -8.0000000000000004E-01  6.0000000000000009E-01  1.8163563200134034E-01
 -6.9999999999999996E-01  6.0000000000000009E-01  2.5000000000000011E-01
 -5.9999999999999998E-01  6.0000000000000009E-01  2.9389262614623674E-01
 -5.0000000000000000E-01  6.0000000000000009E-01  3.0901699437494756E-01
 -3.9999999999999991E-01  6.0000000000000009E-01  2.9389262614623668E-01
 -2.9999999999999993E-01  6.0000000000000009E-01  2.5000000000000006E-01
 -1.9999999999999996E-01  6.0000000000000009E-01  1.8163563200134028E-01
 -9.9999999999999978E-02  6.0000000000000009E-01  9.5491502812526302E-02
  0.0000000000000000E+00  6.0000000000000009E-01 -0.0000000000000000E+00
  1.0000000000000009E-01  6.0000000000000009E-01 -9.5491502812526413E-02
  2.0000000000000018E-01  6.0000000000000009E-01 -1.8163563200134045E-01
  3.0000000000000004E-01  6.0000000000000009E-01 -2.5000000000000011E-01
  4.0000000000000013E-01  6.0000000000000009E-01 -2.9389262614623674E-01
  5.0000000000000000E-01  6.0000000000000009E-01 -3.0901699437494756E-01
  6.0000000000000009E-01  6.0000000000000009E-01 -2.9389262614623668E-01
  7.0000000000000018E-01  6.0000000000000009E-01 -2.5000000000000006E-01
  8.0000000000000004E-01  6.0000000000000009E-01 -1.8163563200134034E-01
  9.0000000000000013E-01  6.0000000000000009E-01 -9.5491502812526233E-02
  1.0000000000000000E+00  6.0000000000000009E-01 -3.7843667304341518E-17
 -1.0000000000000000E+00  7.0000000000000018E-01  7.1982932780599713E-17
 -9.0000000000000002E-01  7.0000000000000018E-01  1.8163563200134036E-01
 -8.0000000000000004E-01  7.0000000000000018E-01  3.4549150281252655E-01
 -6.9999999999999996E-01  7.0000000000000018E-01  4.7552825814757710E-01
 -5.9999999999999998E-01  7.0000000000000018E-01  5.5901699437494778E-01
 -5.0000000000000000E-01  7.0000000000000018E-01  5.8778525229247347E-01
 -3.9999999999999991E-01  7.0000000000000018E-01  5.5901699437494767E-01
 -2.9999999999999993E-01  7.0000000000000018E-01  4.7552825814757693E-01
 -1.9999999999999996E-01  7.0000000000000018E-01  3.4549150281252644E-01
 -9.9999999999999978E-02  7.0000000000000018E-01  1.8163563200134028E-01
  0.0000000000000000E+00  7.0000000000000018E-01 -0.0000000000000000E+00
  1.0000000000000009E-01  7.0000000000000018E-01 -1.8163563200134047E-01
  2.0000000000000018E-01  7.0000000000000018E-01 -3.4549150281252677E-01
  3.0000000000000004E-01  7.0000000000000018E-01 -4.7552825814757710E-01
  4.0000000000000013E-01  7.0000000000000018E-01 -5.5901699437494778E-01
  5.0000000000000000E-01  7.0000000000000018E-01 -5.8778525229247347E-01
  6.0000000000000009E-01  7.0000000000000018E-01 -5.5901699437494767E-01
  7.0000000000000018E-01  7.0000000000000018E-01 -4.7552825814757693E-01
  8.0000000000000004E-01  7.0000000000000018E-01 -3.4549150281252655E-01
  9.0000000000000013E-01  7.0000000000000018E-01 -1.8163563200134014E-01
  1.0000000000000000E+00  7.0000000000000018E-01 -7.1982932780599713E-17
 -1.0000000000000000E+00  8.0000000000000004E-01  9.9076007261709147E-17
 -9.0000000000000002E-01  8.0000000000000004E-01  2.5000000000000006E-01
 -8.0000000000000004E-01  8.0000000000000004E-01  4.7552825814757682E-01
 -6.9999999999999996E-01  8.0000000000000004E-01  6.5450849718747361E-01
 -5.9999999999999998E-01  8.0000000000000004E-01  7.6942088429381328E-01
 -5.0000000000000000E-01  8.0000000000000004E-01  8.0901699437494734E-01
 -3.9999999999999991E-01  8.0000000000000004E-01  7.6942088429381328E-01
 -2.9999999999999993E-01  8.0000000000000004E-01  6.5450849718747350E-01
 -1.9999999999999996E-01  8.0000000000000004E-01  4.7552825814757665E-01
 -9.9999999999999978E-02  8.0000000000000004E-01  2.4999999999999992E-01
  0.0000000000000000E+00  8.0000000000000004E-01 -0.0000000000000000E+00
  1.0000000000000009E-01  8.0000000000000004E-01 -2.5000000000000017E-01
  2.0000000000000018E-01  8.0000000000000004E-01 -4.7552825814757710E-01
  3.0000000000000004E-01  8.0000000000000004E-01 -6.5450849718747361E-01
  4.0000000000000013E-01  8.0000000000000004E-01 -7.6942088429381328E-01
  5.0000000000000000E-01  8.0000000000000004E-01 -8.0901699437494734E-01
  6.0000000000000009E-01  8.0000000000000004E-01 -7.6942088429381328E-01
  7.0000000000000018E-01  8.0000000000000004E-01 -6.5450849718747350E-01
  8.0000000000000004E-01  8.0000000000000004E-01 -4.7552825814757682E-01
  9.0000000000000013E-01  8.0000000000000004E-01 -2.4999999999999972E-01
  1.0000000000000000E+00  8.0000000000000004E-01 -9.9076007261709147E-17
 -1.0000000000000000E+00  9.0000000000000013E-01  1.1647083184890926E-16
 -9.0000000000000002E-01  9.0000000000000013E-01  2.9389262614623668E-01
 -8.0000000000000004E-01  9.0000000000000013E-01  5.5901699437494756E-01
 -6.9999999999999996E-01  9.0000000000000013E-01  7.6942088429381339E-01
 -5.9999999999999998E-01  9.0000000000000013E-01  9.0450849718747384E-01
 -5.0000000000000000E-01  9.0000000000000013E-01  9.5105651629515364E-01
 -3.9999999999999991E-01  9.0000000000000013E-01  9.0450849718747373E-01
 -2.9999999999999993E-01  9.0000000000000013E-01  7.6942088429381317E-01
 -1.9999999999999996E-01  9.0000000000000013E-01  5.5901699437494734E-01
 -9.9999999999999978E-02  9.0000000000000013E-01  2.9389262614623651E-01
  0.0000000000000000E+00  9.0000000000000013E-01 -0.0000000000000000E+00
  1.0000000000000009E-01  9.0000000000000013E-01 -2.9389262614623685E-01
  2.0000000000000018E-01  9.0000000000000013E-01 -5.5901699437494790E-01
  3.0000000000000004E-01  9.0000000000000013E-01 -7.6942088429381339E-01
  4.0000000000000013E-01  9.0000000000000013E-01 -9.0450849718747384E-01
  5.0000000000000000E-01  9.0000000000000013E-01 -9.5105651629515364E-01
  6.0000000000000009E-01  9.0000000000000013E-01 -9.0450849718747373E-01
  7.0000000000000018E-01  9.0000000000000013E-01 -7.6942088429381317E-01
  8.0000000000000004E-01  9.0000000000000013E-01 -5.5901699437494756E-01
  9.0000000000000013E-01  9.0000000000000013E-01 -2.9389262614623629E-01
  1.0000000000000000E+00  9.0000000000000013E-01 -1.1647083184890926E-16
 -1.0000000000000000E+00  1.0000000000000000E+00  1.2246467991473532E-16
 -9.0000000000000002E-01  1.0000000000000000E+00  3.0901699437494751E-01
 -8.0000000000000004E-01  1.0000000000000000E+00  5.8778525229247325E-01
 -6.9999999999999996E-01  1.0000000000000000E+00  8.0901699437494745E-01
 -5.9999999999999998E-01  1.0000000000000000E+00  9.5105651629515364E-01
 -5.0000000000000000E-01  1.0000000000000000E+00  1.0000000000000000E+00
 -3.9999999999999991E-01  1.0000000000000000E+00  9.5105651629515353E-01
 -2.9999999999999993E-01  1.0000000000000000E+00  8.0901699437494723E-01
 -1.9999999999999996E-01  1.0000000000000000E+00  5.8778525229247303E-01
 -9.9999999999999978E-02  1.0000000000000000E+00  3.0901699437494734E-01
  0.0000000000000000E+00  1.0000000000000000E+00 -0.0000000000000000E+00
  1.0000000000000009E-01  1.0000000000000000E+00 -3.0901699437494767E-01
  2.0000000000000018E-01  1.0000000000000000E+00 -5.8778525229247358E-01
  3.0000000000000004E-01  1.0000000000000000E+00 -8.0901699437494745E-01
  4.0000000000000013E-01  1.0000000000000000E+00 -9.5105651629515364E-01
  5.0000000000000000E-01  1.0000000000000000E+00 -1.0000000000000000E+00
  6.0000000000000009E-01  1.0000000000000000E+00 -9.5105651629515353E-01
  7.0000000000000018E-01  1.0000000000000000E+00 -8.0901699437494723E-01
  8.0000000000000004E-01  1.0000000000000000E+00 -5.8778525229247325E-01
  9.0000000000000013E-01  1.0000000000000000E+00 -3.0901699437494712E-01
  1.0000000000000000E+00  1.0000000000000000E+00 -1.2246467991473532E-16
