 -1.0000000000000000E+00 -1.0000000000000000E+00  1.2246467991473532E-16
 -9.0000000000000002E-01 -1.0000000000000000E+00  3.0901699437494751E-01
 -8.0000000000000004E-01 -1.0000000000000000E+00  5.8778525229247325E-01
 -6.9999999999999996E-01 -1.0000000000000000E+00  8.0901699437494745E-01
 -5.9999999999999998E-01 -1.0000000000000000E+00  9.5105651629515364E-01
 -5.0000000000000000E-01 -1.0000000000000000E+00  1.0000000000000000E+00
 -3.9999999999999991E-01 -1.0000000000000000E+00  9.5105651629515353E-01
 -2.9999999999999993E-01 -1.0000000000000000E+00  8.0901699437494723E-01
 -1.9999999999999996E-01 -1.0000000000000000E+00  5.8778525229247303E-01
 -9.9999999999999978E-02 -1.0000000000000000E+00  3.0901699437494734E-01
  0.0000000000000000E+00 -1.0000000000000000E+00 -0.0000000000000000E+00
  1.0000000000000009E-01 -1.0000000000000000E+00 -3.0901699437494767E-01
  2.0000000000000018E-01 -1.0000000000000000E+00 -5.8778525229247358E-01
  3.0000000000000004E-01 -1.0000000000000000E+00 -8.0901699437494745E-01
  4.0000000000000013E-01 -1.0000000000000000E+00 -9.5105651629515364E-01
  5.0000000000000000E-01 -1.0000000000000000E+00 -1.0000000000000000E+00
  6.0000000000000009E-01 -1.0000000000000000E+00 -9.5105651629515353E-01
  7.0000000000000018E-01 -1.0000000000000000E+00 -8.0901699437494723E-01
  8.0000000000000004E-01 -1.0000000000000000E+00 -5.8778525229247325E-01
  9.0000000000000013E-01 -1.0000000000000000E+00 -3.0901699437494712E-01
  1.0000000000000000E+00 -1.0000000000000000E+00 -1.2246467991473532E-16
 -1.0000000000000000E+00 -9.0000000000000002E-01  1.1647083184890923E-16
 -9.0000000000000002E-01 -9.0000000000000002E-01  3.2258691264545537E-02
 -8.0000000000000004E-01 -9.0000000000000002E-01  6.1715720224958269E-02
 -6.9999999999999996E-01 -9.0000000000000002E-01  8.5393127465754295E-02
 -5.9999999999999998E-01 -9.0000000000000002E-01  1.0090430486299976E-01
 -5.0000000000000000E-01 -9.0000000000000002E-01  1.0668086914750305E-01
 -3.9999999999999991E-01 -9.0000000000000002E-01  1.0212128781007658E-01
 -2.9999999999999993E-01 -9.0000000000000002E-01  8.7646229322484018E-02
 -1.9999999999999996E-01 -9.0000000000000002E-01  6.4654873874753341E-02
 -9.9999999999999978E-02 -9.0000000000000002E-01  3.5386215414581194E-02
  0.0000000000000000E+00 -9.0000000000000002E-01  2.6987617352692245E-03
  1.0000000000000009E-01 -9.0000000000000002E-01 -3.0209913664867666E-02
  2.0000000000000018E-01 -9.0000000000000002E-01 -6.0116378134742368E-02
  3.0000000000000004E-01 -9.0000000000000002E-01 -8.4086666137938415E-02
  4.0000000000000013E-01 -9.0000000000000002E-01 -9.9762838760166020E-02
  5.0000000000000000E-01 -9.0000000000000002E-01 -1.0559266361444411E-01
  6.0000000000000009E-01 -9.0000000000000002E-01 -1.0097982170724286E-01
  7.0000000000000018E-01 -9.0000000000000002E-01 -8.6339767994668137E-02
  8.0000000000000004E-01 -9.0000000000000002E-01 -6.3055531784537419E-02
  9.0000000000000013E-01 -9.0000000000000002E-01 -3.3337437814903295E-02
  1.0000000000000000E+00 -9.0000000000000002E-01 -1.1647083184890923E-16
 -1.0000000000000000E+00 -8.0000000000000004E-01  9.9076007261709147E-17
 -9.0000000000000002E-01 -8.0000000000000004E-01  3.9709500913096579E-02
 -8.0000000000000004E-01 -8.0000000000000004E-01  7.6209193532332964E-02
 -6.9999999999999996E-01 -8.0000000000000004E-01  1.0574648360872829E-01
 -5.9999999999999998E-01 -8.0000000000000004E-01  1.2529900259364285E-01
 -5.0000000000000000E-01 -8.0000000000000004E-01  1.3285762976947538E-01
 -3.9999999999999991E-01 -8.0000000000000004E-01  1.2761384171771786E-01
 -2.9999999999999993E-01 -8.0000000000000004E-01  1.1003213801416734E-01
 -1.9999999999999996E-01 -8.0000000000000004E-01  8.1799795994393548E-02
 -9.9999999999999978E-02 -8.0000000000000004E-01  4.5658405358620348E-02
  0.0000000000000000E+00 -8.0000000000000004E-01  5.1333498685116295E-03
  1.0000000000000009E-01 -8.0000000000000004E-01 -3.5812494339870188E-02
  2.0000000000000018E-01 -8.0000000000000004E-01 -7.3167064098963022E-02
  3.0000000000000004E-01 -8.0000000000000004E-01 -1.0326144649051440E-01
  4.0000000000000013E-01 -8.0000000000000004E-01 -1.2312780504318273E-01
  5.0000000000000000E-01 -8.0000000000000004E-01 -1.3078773984290706E-01
  6.0000000000000009E-01 -8.0000000000000004E-01 -1.2544264416725776E-01
  7.0000000000000018E-01 -8.0000000000000004E-01 -1.0754710089595348E-01
  8.0000000000000004E-01 -8.0000000000000004E-01 -7.8757666561023607E-02
  9.0000000000000013E-01 -8.0000000000000004E-01 -4.1761398785393949E-02
  1.0000000000000000E+00 -8.0000000000000004E-01 -9.9076007261709147E-17
 -1.0000000000000000E+00 -6.9999999999999996E-01  7.1982932780599651E-17
 -9.0000000000000002E-01 -6.9999999999999996E-01  2.7369433324472097E-02
 -8.0000000000000004E-01 -6.9999999999999996E-01  5.2991888905899800E-02
 -6.9999999999999996E-01 -6.9999999999999996E-01  7.4111857582325871E-02
 -5.9999999999999998E-01 -6.9999999999999996E-01  8.8481590967037199E-02
 -5.0000000000000000E-01 -6.9999999999999996E-01  9.4563469997595725E-02
 -3.9999999999999991E-01 -6.9999999999999996E-01  9.1667693686213331E-02
 -2.9999999999999993E-01 -6.9999999999999996E-01  8.0010554823359739E-02
 -1.9999999999999996E-01 -6.9999999999999996E-01  6.0686693059221593E-02
 -9.9999999999999978E-02 -6.9999999999999996E-01  3.5557397849901605E-02
  0.0000000000000000E+00 -6.9999999999999996E-01  7.0654499504724825E-03
  1.0000000000000009E-01 -6.9999999999999996E-01 -2.2005663933125953E-02
  2.0000000000000018E-01 -6.9999999999999996E-01 -4.8804756954076198E-02
  3.0000000000000004E-01 -6.9999999999999996E-01 -7.0691497421116509E-02
  4.0000000000000013E-01 -6.9999999999999996E-01 -8.5493193912812585E-02
  5.0000000000000000E-01 -6.9999999999999996E-01 -9.1714510925301737E-02
  6.0000000000000009E-01 -6.9999999999999996E-01 -8.8679296631988716E-02
  7.0000000000000018E-01 -6.9999999999999996E-01 -7.6590194662150446E-02
  8.0000000000000004E-01 -6.9999999999999996E-01 -5.6499561107397983E-02
  9.0000000000000013E-01 -6.9999999999999996E-01 -3.0193628458555447E-02
  1.0000000000000000E+00 -6.9999999999999996E-01 -7.1982932780599651E-17
 -1.0000000000000000E+00 -5.9999999999999998E-01  3.7843667304341493E-17
 -9.0000000000000002E-01 -5.9999999999999998E-01  6.3598369192497859E-04
 -8.0000000000000004E-01 -5.9999999999999998E-01  2.3055010297757693E-03
 -6.9999999999999996E-01 -5.9999999999999998E-01  4.5542863709891442E-03
 -5.9999999999999998E-01 -5.9999999999999998E-01  6.9501650573840735E-03
 -5.0000000000000000E-01 -5.9999999999999998E-01  9.1046009578478523E-03
 -3.9999999999999991E-01 -5.9999999999999998E-01  1.0695653438625424E-02
 -2.9999999999999993E-01 -5.9999999999999998E-01  1.1488620863025146E-02
 -1.9999999999999996E-01 -5.9999999999999998E-01  1.1351285830978563E-02
 -9.9999999999999978E-02 -5.9999999999999998E-01  1.0261513280607778E-02
  0.0000000000000000E+00 -5.9999999999999998E-01  8.3059345633966393E-03
  1.0000000000000009E-01 -5.9999999999999998E-01  5.6695053979371668E-03
  2.0000000000000018E-01 -5.9999999999999998E-01  2.6167677915933571E-03
  3.0000000000000004E-01 -5.9999999999999998E-01 -5.3341185041397374E-04
  4.0000000000000013E-01 -5.9999999999999998E-01 -3.4370936244489721E-03
  5.0000000000000000E-01 -5.9999999999999998E-01 -5.7554487036892248E-03
  6.0000000000000009E-01 -5.9999999999999998E-01 -7.1825820056903699E-03
  7.0000000000000018E-01 -5.9999999999999998E-01 -7.4677463424500500E-03
  8.0000000000000004E-01 -5.9999999999999998E-01 -6.4290170096094916E-03
  9.0000000000000013E-01 -5.9999999999999998E-01 -3.9560241907456665E-03
  1.0000000000000000E+00 -5.9999999999999998E-01 -3.7843667304341493E-17
 -1.0000000000000000E+00 -5.0000000000000000E-01 -7.4987989133092880E-33
 -9.0000000000000002E-01 -5.0000000000000000E-01 -3.4831102756998807E-02
 -8.0000000000000004E-01 -5.0000000000000000E-01 -6.5100514636677917E-02
 -6.9999999999999996E-01 -5.0000000000000000E-01 -8.8151063716564892E-02
 -5.9999999999999998E-01 -5.0000000000000000E-01 -1.0194936198646520E-01
 -5.0000000000000000E-01 -5.0000000000000000E-01 -1.0530667244552669E-01
 -3.9999999999999991E-01 -5.0000000000000000E-01 -9.8011122442266549E-02
 -2.9999999999999993E-01 -5.0000000000000000E-01 -8.0859872947956560E-02
 -1.9999999999999996E-01 -5.0000000000000000E-01 -5.5589213629624490E-02
 -9.9999999999999978E-02 -5.0000000000000000E-01 -2.4710222006211108E-02
  0.0000000000000000E+00 -5.0000000000000000E-01  8.7333764304065656E-03
  1.0000000000000009E-01 -5.0000000000000000E-01  4.1461086340335469E-02
  2.0000000000000018E-01 -5.0000000000000000E-01  7.0276094359893501E-02
  3.0000000000000004E-01 -5.0000000000000000E-01  9.2378861383351954E-02
  4.0000000000000013E-01 -5.0000000000000000E-01  1.0564322388924718E-01
  5.0000000000000000E-01 -5.0000000000000000E-01  1.0882817952399707E-01
  6.0000000000000009E-01 -5.0000000000000000E-01  1.0170498434504847E-01
  7.0000000000000018E-01 -5.0000000000000000E-01  8.5087670614743524E-02
  8.0000000000000004E-01 -5.0000000000000000E-01  6.0764793352839977E-02
  9.0000000000000013E-01 -5.0000000000000000E-01  3.1340205589547677E-02
  1.0000000000000000E+00 -5.0000000000000000E-01  7.4987989133092880E-33
 -1.0000000000000000E+00 -3.9999999999999991E-01 -3.7843667304341530E-17
 -9.0000000000000002E-01 -3.9999999999999991E-01 -7.3365986889079748E-02
 -8.0000000000000004E-01 -3.9999999999999991E-01 -1.3845461164971781E-01
 -6.9999999999999996E-01 -3.9999999999999991E-01 -1.8918538784455116E-01
 -5.9999999999999998E-01 -3.9999999999999991E-01 -2.2080448151830170E-01
 -5.0000000000000000E-01 -3.9999999999999991E-01 -2.3037080631122309E-01
 -3.9999999999999991E-01 -3.9999999999999991E-01 -2.1705899313706031E-01
 -2.9999999999999993E-01 -3.9999999999999991E-01 -1.8225105335251504E-01
 -1.9999999999999996E-01 -3.9999999999999991E-01 -1.2940882684851501E-01
 -9.9999999999999978E-02 -3.9999999999999991E-01 -6.3740457300396944E-02
  0.0000000000000000E+00 -3.9999999999999991E-01  8.3059345633967000E-03
  1.0000000000000009E-01 -3.9999999999999991E-01  7.9671475978942086E-02
  2.0000000000000018E-01 -3.9999999999999991E-01  1.4337688047108724E-01
  3.0000000000000004E-01 -3.9999999999999991E-01  1.9320626236512647E-01
  4.0000000000000013E-01 -3.9999999999999991E-01  2.2431755295123706E-01
  5.0000000000000000E-01 -3.9999999999999991E-01  2.3371995856538197E-01
  6.0000000000000009E-01 -3.9999999999999991E-01  2.2057206456999556E-01
  7.0000000000000018E-01 -3.9999999999999991E-01  1.8627192787309035E-01
  8.0000000000000004E-01 -3.9999999999999991E-01  1.3433109566988430E-01
  9.0000000000000013E-01 -3.9999999999999991E-01  7.0045946390259142E-02
  1.0000000000000000E+00 -3.9999999999999991E-01  3.7843667304341530E-17
 -1.0000000000000000E+00 -2.9999999999999993E-01 -7.1982932780599700E-17
 -9.0000000000000002E-01 -2.9999999999999993E-01 -1.0963657626523690E-01
 -8.0000000000000004E-01 -2.9999999999999993E-01 -2.0760902747787813E-01
 -6.9999999999999996E-01 -2.9999999999999993E-01 -2.8457453218652634E-01
 -5.9999999999999998E-01 -2.9999999999999993E-01 -3.3317954924128518E-01
 -5.0000000000000000E-01 -2.9999999999999993E-01 -3.4879729036069085E-01
 -3.9999999999999991E-01 -2.9999999999999993E-01 -3.2999344652210916E-01
 -2.9999999999999993E-01 -2.9999999999999993E-01 -2.7867583494549258E-01
 -1.9999999999999996E-01 -2.9999999999999993E-01 -1.9991422332455658E-01
 -9.9999999999999978E-02 -2.9999999999999993E-01 -1.0144861173980743E-01
  0.0000000000000000E+00 -2.9999999999999993E-01  7.0654499504725667E-03
  1.0000000000000009E-01 -2.9999999999999993E-01  1.1500034565658343E-01
  2.0000000000000018E-01 -2.9999999999999993E-01  2.1179615942970256E-01
  3.0000000000000004E-01 -2.9999999999999993E-01  2.8799489234773618E-01
  4.0000000000000013E-01 -2.9999999999999993E-01  3.3616794629551028E-01
  5.0000000000000000E-01 -2.9999999999999993E-01  3.5164624943298523E-01
  6.0000000000000009E-01 -2.9999999999999993E-01  3.3298184357633420E-01
  7.0000000000000018E-01 -2.9999999999999993E-01  2.8209619510670231E-01
  8.0000000000000004E-01 -2.9999999999999993E-01  2.0410135527638054E-01
  9.0000000000000013E-01 -2.9999999999999993E-01  1.0681238113115364E-01
  1.0000000000000000E+00 -2.9999999999999993E-01  7.1982932780599700E-17
 -1.0000000000000000E+00 -1.9999999999999996E-01 -9.9076007261709160E-17
 -9.0000000000000002E-01 -1.9999999999999996E-01 -1.3901376094330528E-01
 -8.0000000000000004E-01 -1.9999999999999996E-01 -2.6374265207177916E-01
 -6.9999999999999996E-01 -1.9999999999999996E-01 -3.6215709051157968E-01
 -5.9999999999999998E-01 -1.9999999999999996E-01 -4.2475463813206732E-01
 -5.0000000000000000E-01 -1.9999999999999996E-01 -4.4550299475833660E-01
 -3.9999999999999991E-01 -1.9999999999999996E-01 -4.2243979900799244E-01
 -2.9999999999999993E-01 -1.9999999999999996E-01 -3.5787143610614058E-01
 -1.9999999999999996E-01 -1.9999999999999996E-01 -2.5815204960971866E-01
 -9.9999999999999978E-02 -1.9999999999999996E-01 -1.3306485649778152E-01
  0.0000000000000000E+00 -1.9999999999999996E-01  5.1333498685117761E-03
  1.0000000000000009E-01 -1.9999999999999996E-01  1.4291076751653214E-01
  2.0000000000000018E-01 -1.9999999999999996E-01  2.6678478150514995E-01
  3.0000000000000004E-01 -1.9999999999999996E-01  3.6464212762979409E-01
  4.0000000000000013E-01 -1.9999999999999996E-01  4.2692583568252823E-01
  5.0000000000000000E-01 -1.9999999999999996E-01  4.4757288468490564E-01
  6.0000000000000009E-01 -1.9999999999999996E-01  4.2461099655845325E-01
  7.0000000000000018E-01 -1.9999999999999996E-01  3.6035647322435510E-01
  8.0000000000000004E-01 -1.9999999999999996E-01  2.6119417904308911E-01
  9.0000000000000013E-01 -1.9999999999999996E-01  1.3696186307100811E-01
  1.0000000000000000E+00 -1.9999999999999996E-01  9.9076007261709160E-17
 -1.0000000000000000E+00 -9.9999999999999978E-02 -1.1647083184890926E-16
 -9.0000000000000002E-01 -9.9999999999999978E-02 -1.5791895312911175E-01
 -8.0000000000000004E-01 -9.9999999999999978E-02 -3.0002365568354217E-01
 -6.9999999999999996E-01 -9.9999999999999978E-02 -4.1249840945723149E-01
 -5.9999999999999998E-01 -9.9999999999999978E-02 -4.8440230042612931E-01
 -5.0000000000000000E-01 -9.9999999999999978E-02 -5.0874691591115406E-01
 -3.9999999999999991E-01 -9.9999999999999978E-02 -4.8318531747905225E-01
 -2.9999999999999993E-01 -9.9999999999999978E-02 -4.1024530760050160E-01
 -1.9999999999999996E-01 -9.9999999999999978E-02 -2.9708450203374714E-01
 -9.9999999999999978E-02 -9.9999999999999978E-02 -1.5479142897907602E-01
  0.0000000000000000E+00 -9.9999999999999978E-02  2.6987617352694157E-03
  1.0000000000000009E-01 -9.9999999999999978E-02  1.5996773072879020E-01
  2.0000000000000018E-01 -9.9999999999999978E-02  3.0162299777375895E-01
  3.0000000000000004E-01 -9.9999999999999978E-02  4.1380487078504802E-01
  4.0000000000000013E-01 -9.9999999999999978E-02  4.8554376652896342E-01
  5.0000000000000000E-01 -9.9999999999999978E-02  5.0983512144421361E-01
  6.0000000000000009E-01 -9.9999999999999978E-02  4.8432678358188691E-01
  7.0000000000000018E-01 -9.9999999999999978E-02  4.1155176892831852E-01
  8.0000000000000004E-01 -9.9999999999999978E-02  2.9868384412396387E-01
  9.0000000000000013E-01 -9.9999999999999978E-02  1.5684020657875422E-01
  1.0000000000000000E+00 -9.9999999999999978E-02  1.1647083184890926E-16
 -1.0000000000000000E+00  0.0000000000000000E+00 -1.2246467991473532E-16
 -9.0000000000000002E-01  0.0000000000000000E+00 -1.6410557519991764E-01
 -8.0000000000000004E-01  0.0000000000000000E+00 -3.1214735330849203E-01
 -6.9999999999999996E-01  0.0000000000000000E+00 -4.2963397361673639E-01
 -5.9999999999999998E-01  0.0000000000000000E+00 -5.0506502715146240E-01
 -5.0000000000000000E-01  0.0000000000000000E+00 -5.3105679683363738E-01
 -3.9999999999999991E-01  0.0000000000000000E+00 -5.0506502715146251E-01
 -2.9999999999999993E-01  0.0000000000000000E+00 -4.2963397361673633E-01
 -1.9999999999999996E-01  0.0000000000000000E+00 -3.1214735330849214E-01
 -9.9999999999999978E-02  0.0000000000000000E+00 -1.6410557519991761E-01
  0.0000000000000000E+00  0.0000000000000000E+00  1.8974379280494995E-16
  1.0000000000000009E-01  0.0000000000000000E+00  1.6410557519991820E-01
  2.0000000000000018E-01  0.0000000000000000E+00  3.1214735330849280E-01
  3.0000000000000004E-01  0.0000000000000000E+00  4.2963397361673700E-01
  4.0000000000000013E-01  0.0000000000000000E+00  5.0506502715146284E-01
  5.0000000000000000E-01  0.0000000000000000E+00  5.3105679683363838E-01
  6.0000000000000009E-01  0.0000000000000000E+00  5.0506502715146340E-01
  7.0000000000000018E-01  0.0000000000000000E+00  4.2963397361673739E-01
  8.0000000000000004E-01  0.0000000000000000E+00  3.1214735330849297E-01
  9.0000000000000013E-01  0.0000000000000000E+00  1.6410557519991789E-01
  1.0000000000000000E+00  0.0000000000000000E+00  1.2246467991473532E-16
 -1.0000000000000000E+00  1.0000000000000009E-01 -1.1647083184890923E-16
 -9.0000000000000002E-01  1.0000000000000009E-01 -1.5684020657875403E-01
 -8.0000000000000004E-01  1.0000000000000009E-01 -2.9868384412396315E-01
 -6.9999999999999996E-01  1.0000000000000009E-01 -4.1155176892831780E-01
 -5.9999999999999998E-01  1.0000000000000009E-01 -4.8432678358188624E-01
 -5.0000000000000000E-01  1.0000000000000009E-01 -5.0983512144421306E-01
 -3.9999999999999991E-01  1.0000000000000009E-01 -4.8554376652896297E-01
 -2.9999999999999993E-01  1.0000000000000009E-01 -4.1380487078504746E-01
 -1.9999999999999996E-01  1.0000000000000009E-01 -3.0162299777375828E-01
 -9.9999999999999978E-02  1.0000000000000009E-01 -1.5996773072878953E-01
  0.0000000000000000E+00  1.0000000000000009E-01 -2.6987617352689664E-03
  1.0000000000000009E-01  1.0000000000000009E-01  1.5479142897907669E-01
  2.0000000000000018E-01  1.0000000000000009E-01  2.9708450203374803E-01
  3.0000000000000004E-01  1.0000000000000009E-01  4.1024530760050260E-01
  4.0000000000000013E-01  1.0000000000000009E-01  4.8318531747905302E-01
  5.0000000000000000E-01  1.0000000000000009E-01  5.0874691591115495E-01
  6.0000000000000009E-01  1.0000000000000009E-01  4.8440230042613025E-01
  7.0000000000000018E-01  1.0000000000000009E-01  4.1249840945723254E-01
  8.0000000000000004E-01  1.0000000000000009E-01  3.0002365568354300E-01
  9.0000000000000013E-01  1.0000000000000009E-01  1.5791895312911200E-01
  1.0000000000000000E+00  1.0000000000000009E-01  1.1647083184890923E-16
 -1.0000000000000000E+00  2.0000000000000018E-01 -9.9076007261709123E-17
 -9.0000000000000002E-01  2.0000000000000018E-01 -1.3696186307100802E-01
 -8.0000000000000004E-01  2.0000000000000018E-01 -2.6119417904308873E-01
 -6.9999999999999996E-01  2.0000000000000018E-01 -3.6035647322435460E-01
 -5.9999999999999998E-01  2.0000000000000018E-01 -4.2461099655845269E-01
 -5.0000000000000000E-01  2.0000000000000018E-01 -4.4757288468490503E-01
 -3.9999999999999991E-01  2.0000000000000018E-01 -4.2692583568252740E-01
 -2.9999999999999993E-01  2.0000000000000018E-01 -3.6464212762979326E-01
 -1.9999999999999996E-01  2.0000000000000018E-01 -2.6678478150514895E-01
 -9.9999999999999978E-02  2.0000000000000018E-01 -1.4291076751653145E-01
  0.0000000000000000E+00  2.0000000000000018E-01 -5.1333498685112427E-03
  1.0000000000000009E-01  2.0000000000000018E-01  1.3306485649778219E-01
  2.0000000000000018E-01  2.0000000000000018E-01  2.5815204960971944E-01
  3.0000000000000004E-01  2.0000000000000018E-01  3.5787143610614119E-01
  4.0000000000000013E-01  2.0000000000000018E-01  4.2243979900799289E-01
  5.0000000000000000E-01  2.0000000000000018E-01  4.4550299475833716E-01
  6.0000000000000009E-01  2.0000000000000018E-01  4.2475463813206799E-01
  7.0000000000000018E-01  2.0000000000000018E-01  3.6215709051158035E-01
  8.0000000000000004E-01  2.0000000000000018E-01  2.6374265207177983E-01
  9.0000000000000013E-01  2.0000000000000018E-01  1.3901376094330548E-01
  1.0000000000000000E+00  2.0000000000000018E-01  9.9076007261709123E-17
 -1.0000000000000000E+00  3.0000000000000004E-01 -7.1982932780599651E-17
 -9.0000000000000002E-01  3.0000000000000004E-01 -1.0681238113115359E-01
 -8.0000000000000004E-01  3.0000000000000004E-01 -2.0410135527638015E-01
 -6.9999999999999996E-01  3.0000000000000004E-01 -2.8209619510670197E-01
 -5.9999999999999998E-01  3.0000000000000004E-01 -3.3298184357633387E-01
 -5.0000000000000000E-01  3.0000000000000004E-01 -3.5164624943298478E-01
 -3.9999999999999991E-01  3.0000000000000004E-01 -3.3616794629550978E-01
 -2.9999999999999993E-01  3.0000000000000004E-01 -2.8799489234773562E-01
 -1.9999999999999996E-01  3.0000000000000004E-01 -2.1179615942970165E-01
 -9.9999999999999978E-02  3.0000000000000004E-01 -1.1500034565658268E-01
  0.0000000000000000E+00  3.0000000000000004E-01 -7.0654499504720194E-03
  1.0000000000000009E-01  3.0000000000000004E-01  1.0144861173980806E-01
  2.0000000000000018E-01  3.0000000000000004E-01  1.9991422332455727E-01
  3.0000000000000004E-01  3.0000000000000004E-01  2.7867583494549303E-01
  4.0000000000000013E-01  3.0000000000000004E-01  3.2999344652210955E-01
  5.0000000000000000E-01  3.0000000000000004E-01  3.4879729036069135E-01
  6.0000000000000009E-01  3.0000000000000004E-01  3.3317954924128579E-01
  7.0000000000000018E-01  3.0000000000000004E-01  2.8457453218652695E-01
  8.0000000000000004E-01  3.0000000000000004E-01  2.0760902747787879E-01
  9.0000000000000013E-01  3.0000000000000004E-01  1.0963657626523703E-01
  1.0000000000000000E+00  3.0000000000000004E-01  7.1982932780599651E-17
 -1.0000000000000000E+00  4.0000000000000013E-01 -3.7843667304341456E-17
 -9.0000000000000002E-01  4.0000000000000013E-01 -7.0045946390258976E-02
 -8.0000000000000004E-01  4.0000000000000013E-01 -1.3433109566988394E-01
 -6.9999999999999996E-01  4.0000000000000013E-01 -1.8627192787309008E-01
 -5.9999999999999998E-01  4.0000000000000013E-01 -2.2057206456999517E-01
 -5.0000000000000000E-01  4.0000000000000013E-01 -2.3371995856538130E-01
 -3.9999999999999991E-01  4.0000000000000013E-01 -2.2431755295123632E-01
 -2.9999999999999993E-01  4.0000000000000013E-01 -1.9320626236512570E-01
 -1.9999999999999996E-01  4.0000000000000013E-01 -1.4337688047108640E-01
 -9.9999999999999978E-02  4.0000000000000013E-01 -7.9671475978941406E-02
  0.0000000000000000E+00  4.0000000000000013E-01 -8.3059345633961692E-03
  1.0000000000000009E-01  4.0000000000000013E-01  6.3740457300397471E-02
  2.0000000000000018E-01  4.0000000000000013E-01  1.2940882684851557E-01
  3.0000000000000004E-01  4.0000000000000013E-01  1.8225105335251549E-01
  4.0000000000000013E-01  4.0000000000000013E-01  2.1705899313706073E-01
  5.0000000000000000E-01  4.0000000000000013E-01  2.3037080631122345E-01
  6.0000000000000009E-01  4.0000000000000013E-01  2.2080448151830204E-01
  7.0000000000000018E-01  4.0000000000000013E-01  1.8918538784455136E-01
  8.0000000000000004E-01  4.0000000000000013E-01  1.3845461164971806E-01
  9.0000000000000013E-01  4.0000000000000013E-01  7.3365986889079832E-02
  1.0000000000000000E+00  4.0000000000000013E-01  3.7843667304341456E-17
 -1.0000000000000000E+00  5.0000000000000000E-01 -7.4987989133092880E-33
 -9.0000000000000002E-01  5.0000000000000000E-01 -3.1340205589547664E-02
 -8.0000000000000004E-01  5.0000000000000000E-01 -6.0764793352839894E-02
 -6.9999999999999996E-01  5.0000000000000000E-01 -8.5087670614743427E-02
 -5.9999999999999998E-01  5.0000000000000000E-01 -1.0170498434504834E-01
 -5.0000000000000000E-01  5.0000000000000000E-01 -1.0882817952399682E-01
 -3.9999999999999991E-01  5.0000000000000000E-01 -1.0564322388924680E-01
 -2.9999999999999993E-01  5.0000000000000000E-01 -9.2378861383351468E-02
 -1.9999999999999996E-01  5.0000000000000000E-01 -7.0276094359892974E-02
 -9.9999999999999978E-02  5.0000000000000000E-01 -4.1461086340334963E-02
  0.0000000000000000E+00  5.0000000000000000E-01 -8.7333764304060781E-03
  1.0000000000000009E-01  5.0000000000000000E-01  2.4710222006211667E-02
  2.0000000000000018E-01  5.0000000000000000E-01  5.5589213629625100E-02
  3.0000000000000004E-01  5.0000000000000000E-01  8.0859872947957143E-02
  4.0000000000000013E-01  5.0000000000000000E-01  9.8011122442267146E-02
  5.0000000000000000E-01  5.0000000000000000E-01  1.0530667244552722E-01
  6.0000000000000009E-01  5.0000000000000000E-01  1.0194936198646562E-01
  7.0000000000000018E-01  5.0000000000000000E-01  8.8151063716565239E-02
  8.0000000000000004E-01  5.0000000000000000E-01  6.5100514636678181E-02
  9.0000000000000013E-01  5.0000000000000000E-01  3.4831102756998904E-02
  1.0000000000000000E+00  5.0000000000000000E-01  7.4987989133092880E-33
 -1.0000000000000000E+00  6.0000000000000009E-01  3.7843667304341518E-17
 -9.0000000000000002E-01  6.0000000000000009E-01  3.9560241907457350E-03
 -8.0000000000000004E-01  6.0000000000000009E-01  6.4290170096096147E-03
 -6.9999999999999996E-01  6.0000000000000009E-01  7.4677463424502348E-03
 -5.9999999999999998E-01  6.0000000000000009E-01  7.1825820056906180E-03
 -5.0000000000000000E-01  6.0000000000000009E-01  5.7554487036895604E-03
 -3.9999999999999991E-01  6.0000000000000009E-01  3.4370936244493811E-03
 -2.9999999999999993E-01  6.0000000000000009E-01  5.3341185041442618E-04
 -1.9999999999999996E-01  6.0000000000000009E-01 -2.6167677915929087E-03
 -9.9999999999999978E-02  6.0000000000000009E-01 -5.6695053979367409E-03
  0.0000000000000000E+00  6.0000000000000009E-01 -8.3059345633962438E-03
  1.0000000000000009E-01  6.0000000000000009E-01 -1.0261513280607400E-02
  2.0000000000000018E-01  6.0000000000000009E-01 -1.1351285830978193E-02
  3.0000000000000004E-01  6.0000000000000009E-01 -1.1488620863024797E-02
  4.0000000000000013E-01  6.0000000000000009E-01 -1.0695653438625096E-02
  5.0000000000000000E-01  6.0000000000000009E-01 -9.1046009578475886E-03
  6.0000000000000009E-01  6.0000000000000009E-01 -6.9501650573838758E-03
  7.0000000000000018E-01  6.0000000000000009E-01 -4.5542863709889716E-03
  8.0000000000000004E-01  6.0000000000000009E-01 -2.3055010297756673E-03
  9.0000000000000013E-01  6.0000000000000009E-01 -6.3598369192493045E-04
  1.0000000000000000E+00  6.0000000000000009E-01 -3.7843667304341518E-17
 -1.0000000000000000E+00  7.0000000000000018E-01  7.1982932780599713E-17
 -9.0000000000000002E-01  7.0000000000000018E-01  3.0193628458555534E-02
 -8.0000000000000004E-01  7.0000000000000018E-01  5.6499561107398122E-02
 -6.9999999999999996E-01  7.0000000000000018E-01  7.6590194662150696E-02
 -5.9999999999999998E-01  7.0000000000000018E-01  8.8679296631989035E-02
 -5.0000000000000000E-01  7.0000000000000018E-01  9.1714510925302056E-02
 -3.9999999999999991E-01  7.0000000000000018E-01  8.5493193912812987E-02
 -2.9999999999999993E-01  7.0000000000000018E-01  7.0691497421116939E-02
 -1.9999999999999996E-01  7.0000000000000018E-01  4.8804756954076538E-02
 -9.9999999999999978E-02  7.0000000000000018E-01  2.2005663933126269E-02
  0.0000000000000000E+00  7.0000000000000018E-01 -7.0654499504721850E-03
  1.0000000000000009E-01  7.0000000000000018E-01 -3.5557397849901369E-02
  2.0000000000000018E-01  7.0000000000000018E-01 -6.0686693059221392E-02
  3.0000000000000004E-01  7.0000000000000018E-01 -8.0010554823359531E-02
  4.0000000000000013E-01  7.0000000000000018E-01 -9.1667693686213206E-02
  5.0000000000000000E-01  7.0000000000000018E-01 -9.4563469997595656E-02
  6.0000000000000009E-01  7.0000000000000018E-01 -8.8481590967037158E-02
  7.0000000000000018E-01  7.0000000000000018E-01 -7.4111857582325802E-02
  8.0000000000000004E-01  7.0000000000000018E-01 -5.2991888905899821E-02
  9.0000000000000013E-01  7.0000000000000018E-01 -2.7369433324472083E-02
  1.0000000000000000E+00  7.0000000000000018E-01 -7.1982932780599713E-17
 -1.0000000000000000E+00  8.0000000000000004E-01  9.9076007261709147E-17
 -9.0000000000000002E-01  8.0000000000000004E-01  4.1761398785393984E-02
 -8.0000000000000004E-01  8.0000000000000004E-01  7.8757666561023662E-02
 -6.9999999999999996E-01  8.0000000000000004E-01  1.0754710089595364E-01
 -5.9999999999999998E-01  8.0000000000000004E-01  1.2544264416725795E-01
 -5.0000000000000000E-01  8.0000000000000004E-01  1.3078773984290729E-01
 -3.9999999999999991E-01  8.0000000000000004E-01  1.2312780504318296E-01
 -2.9999999999999993E-01  8.0000000000000004E-01  1.0326144649051468E-01
 -1.9999999999999996E-01  8.0000000000000004E-01  7.3167064098963203E-02
 -9.9999999999999978E-02  8.0000000000000004E-01  3.5812494339870368E-02
  0.0000000000000000E+00  8.0000000000000004E-01 -5.1333498685114309E-03
  1.0000000000000009E-01  8.0000000000000004E-01 -4.5658405358620195E-02
  2.0000000000000018E-01  8.0000000000000004E-01 -8.1799795994393423E-02
  3.0000000000000004E-01  8.0000000000000004E-01 -1.1003213801416717E-01
  4.0000000000000013E-01  8.0000000000000004E-01 -1.2761384171771772E-01
  5.0000000000000000E-01  8.0000000000000004E-01 -1.3285762976947529E-01
  6.0000000000000009E-01  8.0000000000000004E-01 -1.2529900259364288E-01
  7.0000000000000018E-01  8.0000000000000004E-01 -1.0574648360872822E-01
  8.0000000000000004E-01  8.0000000000000004E-01 -7.6209193532332950E-02
  9.0000000000000013E-01  8.0000000000000004E-01 -3.9709500913096538E-02
  1.0000000000000000E+00  8.0000000000000004E-01 -9.9076007261709147E-17
 -1.0000000000000000E+00  9.0000000000000013E-01  1.1647083184890926E-16
 -9.0000000000000002E-01  9.0000000000000013E-01  3.3337437814903316E-02
 -8.0000000000000004E-01  9.0000000000000013E-01  6.3055531784537405E-02
 -6.9999999999999996E-01  9.0000000000000013E-01  8.6339767994668151E-02
 -5.9999999999999998E-01  9.0000000000000013E-01  1.0097982170724287E-01
 -5.0000000000000000E-01  9.0000000000000013E-01  1.0559266361444414E-01
 -3.9999999999999991E-01  9.0000000000000013E-01  9.9762838760166089E-02
 -2.9999999999999993E-01  9.0000000000000013E-01  8.4086666137938484E-02
 -1.9999999999999996E-01  9.0000000000000013E-01  6.0116378134742417E-02
 -9.9999999999999978E-02  9.0000000000000013E-01  3.0209913664867739E-02
  0.0000000000000000E+00  9.0000000000000013E-01 -2.6987617352691208E-03
  1.0000000000000009E-01  9.0000000000000013E-01 -3.5386215414581111E-02
  2.0000000000000018E-01  9.0000000000000013E-01 -6.4654873874753258E-02
  3.0000000000000004E-01  9.0000000000000013E-01 -8.7646229322483921E-02
  4.0000000000000013E-01  9.0000000000000013E-01 -1.0212128781007650E-01
  5.0000000000000000E-01  9.0000000000000013E-01 -1.0668086914750301E-01
  6.0000000000000009E-01  9.0000000000000013E-01 -1.0090430486299971E-01
  7.0000000000000018E-01  9.0000000000000013E-01 -8.5393127465754226E-02
  8.0000000000000004E-01  9.0000000000000013E-01 -6.1715720224958241E-02
  9.0000000000000013E-01  9.0000000000000013E-01 -3.2258691264545496E-02
  1.0000000000000000E+00  9.0000000000000013E-01 -1.1647083184890926E-16
 -1.0000000000000000E+00  1.0000000000000000E+00  1.2246467991473532E-16
 -9.0000000000000002E-01  1.0000000000000000E+00  3.0901699437494751E-01
 -8.0000000000000004E-01  1.0000000000000000E+00  5.8778525229247325E-01
 -6.9999999999999996E-01  1.0000000000000000E+00  8.0901699437494745E-01
 -5.9999999999999998E-01  1.0000000000000000E+00  9.5105651629515364E-01
 -5.0000000000000000E-01  1.0000000000000000E+00  1.0000000000000000E+00
 -3.9999999999999991E-01  1.0000000000000000E+00  9.5105651629515353E-01
 -2.9999999999999993E-01  1.0000000000000000E+00  8.0901699437494723E-01
 -1.9999999999999996E-01  1.0000000000000000E+00  5.8778525229247303E-01
 -9.9999999999999978E-02  1.0000000000000000E+00  3.0901699437494734E-01
  0.0000000000000000E+00  1.0000000000000000E+00 -0.0000000000000000E+00
  1.0000000000000009E-01  1.0000000000000000E+00 -3.0901699437494767E-01
  2.0000000000000018E-01  1.0000000000000000E+00 -5.8778525229247358E-01
  3.0000000000000004E-01  1.0000000000000000E+00 -8.0901699437494745E-01
  4.0000000000000013E-01  1.0000000000000000E+00 -9.5105651629515364E-01
  5.0000000000000000E-01  1.0000000000000000E+00 -1.0000000000000000E+00
  6.0000000000000009E-01  1.0000000000000000E+00 -9.5105651629515353E-01
  7.0000000000000018E-01  1.0000000000000000E+00 -8.0901699437494723E-01
  8.0000000000000004E-01  1.0000000000000000E+00 -5.8778525229247325E-01
  9.0000000000000013E-01  1.0000000000000000E+00 -3.0901699437494712E-01
  1.0000000000000000E+00  1.0000000000000000E+00 -1.2246467991473532E-16
