 -1.0000000000000000E+00 -1.0000000000000000E+00  0.0000000000000000E+00
 -9.0000000000000002E-01 -1.0000000000000000E+00  0.0000000000000000E+00
 -8.0000000000000004E-01 -1.0000000000000000E+00  0.0000000000000000E+00
 -6.9999999999999996E-01 -1.0000000000000000E+00  0.0000000000000000E+00
 -5.9999999999999998E-01 -1.0000000000000000E+00  0.0000000000000000E+00
 -5.0000000000000000E-01 -1.0000000000000000E+00  0.0000000000000000E+00
 -3.9999999999999991E-01 -1.0000000000000000E+00  0.0000000000000000E+00
 -2.9999999999999993E-01 -1.0000000000000000E+00  0.0000000000000000E+00
 -1.9999999999999996E-01 -1.0000000000000000E+00  0.0000000000000000E+00
 -9.9999999999999978E-02 -1.0000000000000000E+00  0.0000000000000000E+00
  0.0000000000000000E+00 -1.0000000000000000E+00  0.0000000000000000E+00
  1.0000000000000009E-01 -1.0000000000000000E+00  0.0000000000000000E+00
  2.0000000000000018E-01 -1.0000000000000000E+00  0.0000000000000000E+00
  3.0000000000000004E-01 -1.0000000000000000E+00  0.0000000000000000E+00
  4.0000000000000013E-01 -1.0000000000000000E+00  0.0000000000000000E+00
  5.0000000000000000E-01 -1.0000000000000000E+00  0.0000000000000000E+00
  6.0000000000000009E-01 -1.0000000000000000E+00  0.0000000000000000E+00
  7.0000000000000018E-01 -1.0000000000000000E+00  0.0000000000000000E+00
  8.0000000000000004E-01 -1.0000000000000000E+00  0.0000000000000000E+00
  9.0000000000000013E-01 -1.0000000000000000E+00  0.0000000000000000E+00
  1.0000000000000000E+00 -1.0000000000000000E+00  0.0000000000000000E+00
 -1.0000000000000000E+00 -9.0000000000000002E-01  0.0000000000000000E+00
 -9.0000000000000002E-01 -9.0000000000000002E-01  2.6163393488169107E-01
 -8.0000000000000004E-01 -9.0000000000000002E-01  4.9730127414998931E-01
 -6.9999999999999996E-01 -9.0000000000000002E-01  6.8402775682805905E-01
 -5.9999999999999998E-01 -9.0000000000000002E-01  8.0360419232447400E-01
 -5.0000000000000000E-01 -9.0000000000000002E-01  8.4437564714765045E-01
 -3.9999999999999991E-01 -9.0000000000000002E-01  8.0238720937739705E-01
 -2.9999999999999993E-01 -9.0000000000000002E-01  6.8177465497132916E-01
 -1.9999999999999996E-01 -9.0000000000000002E-01  4.9436212050019401E-01
 -9.9999999999999978E-02 -9.0000000000000002E-01  2.5850641073165526E-01
  0.0000000000000000E+00 -9.0000000000000002E-01  2.6987617352692245E-03
  1.0000000000000009E-01 -9.0000000000000002E-01  2.6368271248136910E-01
  2.0000000000000018E-01 -9.0000000000000002E-01  4.9890061624020543E-01
  3.0000000000000004E-01 -9.0000000000000002E-01  6.8533421815587503E-01
  4.0000000000000013E-01 -9.0000000000000002E-01  8.0474565842730772E-01
  5.0000000000000000E-01 -9.0000000000000002E-01  8.4546385268070945E-01
  6.0000000000000009E-01 -9.0000000000000002E-01  8.0352867548023077E-01
  7.0000000000000018E-01 -9.0000000000000002E-01  6.8308111629914503E-01
  8.0000000000000004E-01 -9.0000000000000002E-01  4.9596146259041013E-01
  9.0000000000000013E-01 -9.0000000000000002E-01  2.6055518833133295E-01
  1.0000000000000000E+00 -9.0000000000000002E-01  0.0000000000000000E+00
 -1.0000000000000000E+00 -8.0000000000000004E-01  0.0000000000000000E+00
 -9.0000000000000002E-01 -8.0000000000000004E-01  2.1029049908690348E-01
 -8.0000000000000004E-01 -8.0000000000000004E-01  3.9931906461524386E-01
 -6.9999999999999996E-01 -8.0000000000000004E-01  5.4876201357874532E-01
 -5.9999999999999998E-01 -8.0000000000000004E-01  6.4412188170017037E-01
 -5.0000000000000000E-01 -8.0000000000000004E-01  6.7615936460547199E-01
 -3.9999999999999991E-01 -8.0000000000000004E-01  6.4180704257609544E-01
 -2.9999999999999993E-01 -8.0000000000000004E-01  5.4447635917330617E-01
 -1.9999999999999996E-01 -8.0000000000000004E-01  3.9372846215318313E-01
 -9.9999999999999978E-02 -8.0000000000000004E-01  2.0434159464137958E-01
  0.0000000000000000E+00 -8.0000000000000004E-01  5.1333498685116295E-03
  1.0000000000000009E-01 -8.0000000000000004E-01  2.1418750566012998E-01
  2.0000000000000018E-01 -8.0000000000000004E-01  4.0236119404861409E-01
  3.0000000000000004E-01 -8.0000000000000004E-01  5.5124705069695923E-01
  4.0000000000000013E-01 -8.0000000000000004E-01  6.4629307925063051E-01
  5.0000000000000000E-01 -8.0000000000000004E-01  6.7822925453204030E-01
  6.0000000000000009E-01 -8.0000000000000004E-01  6.4397824012655547E-01
  7.0000000000000018E-01 -8.0000000000000004E-01  5.4696139629152007E-01
  8.0000000000000004E-01 -8.0000000000000004E-01  3.9677059158655320E-01
  9.0000000000000013E-01 -8.0000000000000004E-01  2.0823860121460577E-01
  1.0000000000000000E+00 -8.0000000000000004E-01  0.0000000000000000E+00
 -1.0000000000000000E+00 -6.9999999999999996E-01  0.0000000000000000E+00
 -9.0000000000000002E-01 -6.9999999999999996E-01  1.5426619867686814E-01
 -8.0000000000000004E-01 -6.9999999999999996E-01  2.9249961390662649E-01
 -6.9999999999999996E-01 -6.9999999999999996E-01  4.0141640056525085E-01
 -5.9999999999999998E-01 -6.9999999999999996E-01  4.7053540340791011E-01
 -5.0000000000000000E-01 -6.9999999999999996E-01  4.9322178229487729E-01
 -3.9999999999999991E-01 -6.9999999999999996E-01  4.6734930068873404E-01
 -2.9999999999999993E-01 -6.9999999999999996E-01  3.9551770332421687E-01
 -1.9999999999999996E-01 -6.9999999999999996E-01  2.8480480975330458E-01
 -9.9999999999999978E-02 -6.9999999999999996E-01  1.4607823415143853E-01
  0.0000000000000000E+00 -6.9999999999999996E-01  7.0654499504724825E-03
  1.0000000000000009E-01 -6.9999999999999996E-01  1.5962996806821439E-01
  2.0000000000000018E-01 -6.9999999999999996E-01  2.9668674585845028E-01
  3.0000000000000004E-01 -6.9999999999999996E-01  4.0483676072646019E-01
  4.0000000000000013E-01 -6.9999999999999996E-01  4.7352380046213477E-01
  5.0000000000000000E-01 -6.9999999999999996E-01  4.9607074136717128E-01
  6.0000000000000009E-01 -6.9999999999999996E-01  4.7033769774295864E-01
  7.0000000000000018E-01 -6.9999999999999996E-01  3.9893806348542615E-01
  8.0000000000000004E-01 -6.9999999999999996E-01  2.8899194170512832E-01
  9.0000000000000013E-01 -6.9999999999999996E-01  1.5144200354278456E-01
  1.0000000000000000E+00 -6.9999999999999996E-01  0.0000000000000000E+00
 -1.0000000000000000E+00 -5.9999999999999998E-01  0.0000000000000000E+00
 -9.0000000000000002E-01 -5.9999999999999998E-01  9.4855519120601306E-02
 -8.0000000000000004E-01 -5.9999999999999998E-01  1.7933013097156442E-01
 -6.9999999999999996E-01 -5.9999999999999998E-01  2.4544571362901080E-01
 -5.9999999999999998E-01 -5.9999999999999998E-01  2.8694246108885246E-01
 -5.0000000000000000E-01 -5.9999999999999998E-01  2.9991239341709947E-01
 -3.9999999999999991E-01 -5.9999999999999998E-01  2.8319697270761102E-01
 -2.9999999999999993E-01 -5.9999999999999998E-01  2.3851137913697470E-01
 -1.9999999999999996E-01 -5.9999999999999998E-01  1.7028434617036159E-01
 -9.9999999999999978E-02 -5.9999999999999998E-01  8.5229989531918460E-02
  0.0000000000000000E+00 -5.9999999999999998E-01  8.3059345633966393E-03
  1.0000000000000009E-01 -5.9999999999999998E-01  1.0116100821046350E-01
  2.0000000000000018E-01 -5.9999999999999998E-01  1.8425239979293367E-01
  3.0000000000000004E-01 -5.9999999999999998E-01  2.4946658814958597E-01
  4.0000000000000013E-01 -5.9999999999999998E-01  2.9045553252178752E-01
  5.0000000000000000E-01 -5.9999999999999998E-01  3.0326154567125813E-01
  6.0000000000000009E-01 -5.9999999999999998E-01  2.8671004414054607E-01
  7.0000000000000018E-01 -5.9999999999999998E-01  2.4253225365754982E-01
  8.0000000000000004E-01 -5.9999999999999998E-01  1.7520661499173071E-01
  9.0000000000000013E-01 -5.9999999999999998E-01  9.1535478621780492E-02
  1.0000000000000000E+00 -5.9999999999999998E-01  0.0000000000000000E+00
 -1.0000000000000000E+00 -5.0000000000000000E-01  0.0000000000000000E+00
 -9.0000000000000002E-01 -5.0000000000000000E-01  3.4831102756998786E-02
 -8.0000000000000004E-01 -5.0000000000000000E-01  6.5100514636677875E-02
 -6.9999999999999996E-01 -5.0000000000000000E-01  8.8151063716564837E-02
 -5.9999999999999998E-01 -5.0000000000000000E-01  1.0194936198646515E-01
 -5.0000000000000000E-01 -5.0000000000000000E-01  1.0530667244552663E-01
 -3.9999999999999991E-01 -5.0000000000000000E-01  9.8011122442266493E-02
 -2.9999999999999993E-01 -5.0000000000000000E-01  8.0859872947956504E-02
 -1.9999999999999996E-01 -5.0000000000000000E-01  5.5589213629624455E-02
 -9.9999999999999978E-02 -5.0000000000000000E-01  2.4710222006211091E-02
  0.0000000000000000E+00 -5.0000000000000000E-01  8.7333764304065656E-03
  1.0000000000000009E-01 -5.0000000000000000E-01  4.1461086340335448E-02
  2.0000000000000018E-01 -5.0000000000000000E-01  7.0276094359893460E-02
  3.0000000000000004E-01 -5.0000000000000000E-01  9.2378861383351898E-02
  4.0000000000000013E-01 -5.0000000000000000E-01  1.0564322388924713E-01
  5.0000000000000000E-01 -5.0000000000000000E-01  1.0882817952399701E-01
  6.0000000000000009E-01 -5.0000000000000000E-01  1.0170498434504842E-01
  7.0000000000000018E-01 -5.0000000000000000E-01  8.5087670614743469E-02
  8.0000000000000004E-01 -5.0000000000000000E-01  6.0764793352839942E-02
  9.0000000000000013E-01 -5.0000000000000000E-01  3.1340205589547657E-02
  1.0000000000000000E+00 -5.0000000000000000E-01  0.0000000000000000E+00
 -1.0000000000000000E+00 -3.9999999999999991E-01  0.0000000000000000E+00
 -9.0000000000000002E-01 -3.9999999999999991E-01  2.2125515923446637E-02
 -8.0000000000000004E-01 -3.9999999999999991E-01  4.3181020351622579E-02
 -6.9999999999999996E-01 -3.9999999999999991E-01  6.0814612155449060E-02
 -5.9999999999999998E-01 -3.9999999999999991E-01  7.3088144627935142E-02
 -5.0000000000000000E-01 -3.9999999999999991E-01  7.8646188063724587E-02
 -3.9999999999999991E-01 -3.9999999999999991E-01  7.6833633009176477E-02
 -2.9999999999999993E-01 -3.9999999999999991E-01  6.7748946647485125E-02
 -1.9999999999999996E-01 -3.9999999999999991E-01  5.2226805152825323E-02
 -9.9999999999999978E-02 -3.9999999999999991E-01  3.1751045512129400E-02
  0.0000000000000000E+00 -3.9999999999999991E-01  8.3059345633967000E-03
  1.0000000000000009E-01 -3.9999999999999991E-01  1.5820026833584355E-02
  2.0000000000000018E-01 -3.9999999999999991E-01  3.8258751530253265E-02
  3.0000000000000004E-01 -3.9999999999999991E-01  5.6793737634873748E-02
  4.0000000000000013E-01 -3.9999999999999991E-01  6.9575073194999781E-02
  5.0000000000000000E-01 -3.9999999999999991E-01  7.5297035809565704E-02
  6.0000000000000009E-01 -3.9999999999999991E-01  7.3320561576241228E-02
  7.0000000000000018E-01 -3.9999999999999991E-01  6.3728072126909813E-02
  8.0000000000000004E-01 -3.9999999999999991E-01  4.7304536331456093E-02
  9.0000000000000013E-01 -3.9999999999999991E-01  2.5445556422267132E-02
  1.0000000000000000E+00 -3.9999999999999991E-01  0.0000000000000000E+00
 -1.0000000000000000E+00 -2.9999999999999993E-01  0.0000000000000000E+00
 -9.0000000000000002E-01 -2.9999999999999993E-01  7.1999055736103434E-02
 -8.0000000000000004E-01 -2.9999999999999993E-01  1.3788247533464837E-01
 -6.9999999999999996E-01 -2.9999999999999993E-01  1.9095372596105065E-01
 -5.9999999999999998E-01 -2.9999999999999993E-01  2.2583744513366250E-01
 -5.0000000000000000E-01 -2.9999999999999993E-01  2.3898796193178251E-01
 -3.9999999999999991E-01 -2.9999999999999993E-01  2.2902354785283852E-01
 -2.9999999999999993E-01 -2.9999999999999993E-01  1.9685242320208429E-01
 -1.9999999999999996E-01 -2.9999999999999993E-01  1.4557727948796981E-01
 -9.9999999999999978E-02 -2.9999999999999993E-01  8.0187020261532821E-02
  0.0000000000000000E+00 -2.9999999999999993E-01  7.0654499504725667E-03
  1.0000000000000009E-01 -2.9999999999999993E-01  6.6635286344757017E-02
  2.0000000000000018E-01 -2.9999999999999993E-01  1.3369534338282410E-01
  3.0000000000000004E-01 -2.9999999999999993E-01  1.8753336579984081E-01
  4.0000000000000013E-01 -2.9999999999999993E-01  2.2284904807943740E-01
  5.0000000000000000E-01 -2.9999999999999993E-01  2.3613900285948813E-01
  6.0000000000000009E-01 -2.9999999999999993E-01  2.2603515079861347E-01
  7.0000000000000018E-01 -2.9999999999999993E-01  1.9343206304087457E-01
  8.0000000000000004E-01 -2.9999999999999993E-01  1.4139014753614595E-01
  9.0000000000000013E-01 -2.9999999999999993E-01  7.4823250870186472E-02
  1.0000000000000000E+00 -2.9999999999999993E-01  0.0000000000000000E+00
 -1.0000000000000000E+00 -1.9999999999999996E-01  0.0000000000000000E+00
 -9.0000000000000002E-01 -1.9999999999999996E-01  1.1098623905669477E-01
 -8.0000000000000004E-01 -1.9999999999999996E-01  2.1178560607579772E-01
 -6.9999999999999996E-01 -1.9999999999999996E-01  2.9235140667589404E-01
 -5.9999999999999998E-01 -1.9999999999999996E-01  3.4466624616174607E-01
 -5.0000000000000000E-01 -1.9999999999999996E-01  3.6351399961661085E-01
 -3.9999999999999991E-01 -1.9999999999999996E-01  3.4698108528582094E-01
 -2.9999999999999993E-01 -1.9999999999999996E-01  2.9663706108133303E-01
 -1.9999999999999996E-01 -1.9999999999999996E-01  2.1737620853785805E-01
 -9.9999999999999978E-02 -1.9999999999999996E-01  1.1693514350221842E-01
  0.0000000000000000E+00 -1.9999999999999996E-01  5.1333498685117761E-03
  1.0000000000000009E-01 -1.9999999999999996E-01  1.0708923248346808E-01
  2.0000000000000018E-01 -1.9999999999999996E-01  2.0874347664242721E-01
  3.0000000000000004E-01 -1.9999999999999996E-01  2.8986636955767964E-01
  4.0000000000000013E-01 -1.9999999999999996E-01  3.4249504861128516E-01
  5.0000000000000000E-01 -1.9999999999999996E-01  3.6144410969004181E-01
  6.0000000000000009E-01 -1.9999999999999996E-01  3.4480988773536014E-01
  7.0000000000000018E-01 -1.9999999999999996E-01  2.9415202396311851E-01
  8.0000000000000004E-01 -1.9999999999999996E-01  2.1433407910448776E-01
  9.0000000000000013E-01 -1.9999999999999996E-01  1.1303813692899164E-01
  1.0000000000000000E+00 -1.9999999999999996E-01  0.0000000000000000E+00
 -1.0000000000000000E+00 -9.9999999999999978E-02  0.0000000000000000E+00
 -9.0000000000000002E-01 -9.9999999999999978E-02  1.3597367301712493E-01
 -8.0000000000000004E-01 -9.9999999999999978E-02  2.5899333869140539E-01
 -6.9999999999999996E-01 -9.9999999999999978E-02  3.5692247483658190E-01
 -5.9999999999999998E-01 -9.9999999999999978E-02  4.2010619676134453E-01
 -5.0000000000000000E-01 -9.9999999999999978E-02  4.4230960038399958E-01
 -3.9999999999999991E-01 -9.9999999999999978E-02  4.2132317970842148E-01
 -2.9999999999999993E-01 -9.9999999999999978E-02  3.5917557669331157E-01
 -1.9999999999999996E-01 -9.9999999999999978E-02  2.6193249234120020E-01
 -9.9999999999999978E-02 -9.9999999999999978E-02  1.3910119716716049E-01
  0.0000000000000000E+00 -9.9999999999999978E-02  2.6987617352694157E-03
  1.0000000000000009E-01 -9.9999999999999978E-02  1.3392489541744665E-01
  2.0000000000000018E-01 -9.9999999999999978E-02  2.5739399660118895E-01
  3.0000000000000004E-01 -9.9999999999999978E-02  3.5561601350876537E-01
  4.0000000000000013E-01 -9.9999999999999978E-02  4.1896473065851042E-01
  5.0000000000000000E-01 -9.9999999999999978E-02  4.4122139485094003E-01
  6.0000000000000009E-01 -9.9999999999999978E-02  4.2018171360558682E-01
  7.0000000000000018E-01 -9.9999999999999978E-02  3.5786911536549465E-01
  8.0000000000000004E-01 -9.9999999999999978E-02  2.6033315025098369E-01
  9.0000000000000013E-01 -9.9999999999999978E-02  1.3705241956748207E-01
  1.0000000000000000E+00 -9.9999999999999978E-02  0.0000000000000000E+00
 -1.0000000000000000E+00  0.0000000000000000E+00  0.0000000000000000E+00
 -9.0000000000000002E-01  0.0000000000000000E+00  1.4491141917502987E-01
 -8.0000000000000004E-01  0.0000000000000000E+00  2.7563789898398122E-01
 -6.9999999999999996E-01  0.0000000000000000E+00  3.7938302075821106E-01
 -5.9999999999999998E-01  0.0000000000000000E+00  4.4599148914369124E-01
 -5.0000000000000000E-01  0.0000000000000000E+00  4.6894320316636262E-01
 -3.9999999999999991E-01  0.0000000000000000E+00  4.4599148914369102E-01
 -2.9999999999999993E-01  0.0000000000000000E+00  3.7938302075821090E-01
 -1.9999999999999996E-01  0.0000000000000000E+00  2.7563789898398089E-01
 -9.9999999999999978E-02  0.0000000000000000E+00  1.4491141917502973E-01
  0.0000000000000000E+00  0.0000000000000000E+00  1.8974379280494995E-16
  1.0000000000000009E-01  0.0000000000000000E+00  1.4491141917502948E-01
  2.0000000000000018E-01  0.0000000000000000E+00  2.7563789898398078E-01
  3.0000000000000004E-01  0.0000000000000000E+00  3.7938302075821045E-01
  4.0000000000000013E-01  0.0000000000000000E+00  4.4599148914369080E-01
  5.0000000000000000E-01  0.0000000000000000E+00  4.6894320316636162E-01
  6.0000000000000009E-01  0.0000000000000000E+00  4.4599148914369013E-01
  7.0000000000000018E-01  0.0000000000000000E+00  3.7938302075820984E-01
  8.0000000000000004E-01  0.0000000000000000E+00  2.7563789898398028E-01
  9.0000000000000013E-01  0.0000000000000000E+00  1.4491141917502923E-01
  1.0000000000000000E+00  0.0000000000000000E+00  0.0000000000000000E+00
 -1.0000000000000000E+00  1.0000000000000009E-01  0.0000000000000000E+00
 -9.0000000000000002E-01  1.0000000000000009E-01  1.3705241956748260E-01
 -8.0000000000000004E-01  1.0000000000000009E-01  2.6033315025098441E-01
 -6.9999999999999996E-01  1.0000000000000009E-01  3.5786911536549559E-01
 -5.9999999999999998E-01  1.0000000000000009E-01  4.2018171360558748E-01
 -5.0000000000000000E-01  1.0000000000000009E-01  4.4122139485094047E-01
 -3.9999999999999991E-01  1.0000000000000009E-01  4.1896473065851064E-01
 -2.9999999999999993E-01  1.0000000000000009E-01  3.5561601350876570E-01
 -1.9999999999999996E-01  1.0000000000000009E-01  2.5739399660118906E-01
 -9.9999999999999978E-02  1.0000000000000009E-01  1.3392489541744693E-01
  0.0000000000000000E+00  1.0000000000000009E-01  2.6987617352689664E-03
  1.0000000000000009E-01  1.0000000000000009E-01  1.3910119716716010E-01
  2.0000000000000018E-01  1.0000000000000009E-01  2.6193249234119975E-01
  3.0000000000000004E-01  1.0000000000000009E-01  3.5917557669331079E-01
  4.0000000000000013E-01  1.0000000000000009E-01  4.2132317970842070E-01
  5.0000000000000000E-01  1.0000000000000009E-01  4.4230960038399858E-01
  6.0000000000000009E-01  1.0000000000000009E-01  4.2010619676134336E-01
  7.0000000000000018E-01  1.0000000000000009E-01  3.5692247483658063E-01
  8.0000000000000004E-01  1.0000000000000009E-01  2.5899333869140456E-01
  9.0000000000000013E-01  1.0000000000000009E-01  1.3597367301712424E-01
  1.0000000000000000E+00  1.0000000000000009E-01  0.0000000000000000E+00
 -1.0000000000000000E+00  2.0000000000000018E-01  0.0000000000000000E+00
 -9.0000000000000002E-01  2.0000000000000018E-01  1.1303813692899195E-01
 -8.0000000000000004E-01  2.0000000000000018E-01  2.1433407910448798E-01
 -6.9999999999999996E-01  2.0000000000000018E-01  2.9415202396311890E-01
 -5.9999999999999998E-01  2.0000000000000018E-01  3.4480988773536048E-01
 -5.0000000000000000E-01  2.0000000000000018E-01  3.6144410969004209E-01
 -3.9999999999999991E-01  2.0000000000000018E-01  3.4249504861128566E-01
 -2.9999999999999993E-01  2.0000000000000018E-01  2.8986636955768003E-01
 -1.9999999999999996E-01  2.0000000000000018E-01  2.0874347664242759E-01
 -9.9999999999999978E-02  2.0000000000000018E-01  1.0708923248346838E-01
  0.0000000000000000E+00  2.0000000000000018E-01  5.1333498685112427E-03
  1.0000000000000009E-01  2.0000000000000018E-01  1.1693514350221793E-01
  2.0000000000000018E-01  2.0000000000000018E-01  2.1737620853785755E-01
  3.0000000000000004E-01  2.0000000000000018E-01  2.9663706108133231E-01
  4.0000000000000013E-01  2.0000000000000018E-01  3.4698108528582028E-01
  5.0000000000000000E-01  2.0000000000000018E-01  3.6351399961660996E-01
  6.0000000000000009E-01  2.0000000000000018E-01  3.4466624616174507E-01
  7.0000000000000018E-01  2.0000000000000018E-01  2.9235140667589293E-01
  8.0000000000000004E-01  2.0000000000000018E-01  2.1178560607579688E-01
  9.0000000000000013E-01  2.0000000000000018E-01  1.1098623905669419E-01
  1.0000000000000000E+00  2.0000000000000018E-01  0.0000000000000000E+00
 -1.0000000000000000E+00  3.0000000000000004E-01  0.0000000000000000E+00
 -9.0000000000000002E-01  3.0000000000000004E-01  7.4823250870186639E-02
 -8.0000000000000004E-01  3.0000000000000004E-01  1.4139014753614612E-01
 -6.9999999999999996E-01  3.0000000000000004E-01  1.9343206304087474E-01
 -5.9999999999999998E-01  3.0000000000000004E-01  2.2603515079861347E-01
 -5.0000000000000000E-01  3.0000000000000004E-01  2.3613900285948825E-01
 -3.9999999999999991E-01  3.0000000000000004E-01  2.2284904807943756E-01
 -2.9999999999999993E-01  3.0000000000000004E-01  1.8753336579984098E-01
 -1.9999999999999996E-01  3.0000000000000004E-01  1.3369534338282452E-01
 -9.9999999999999978E-02  3.0000000000000004E-01  6.6635286344757461E-02
  0.0000000000000000E+00  3.0000000000000004E-01  7.0654499504720194E-03
  1.0000000000000009E-01  3.0000000000000004E-01  8.0187020261532280E-02
  2.0000000000000018E-01  3.0000000000000004E-01  1.4557727948796922E-01
  3.0000000000000004E-01  3.0000000000000004E-01  1.9685242320208368E-01
  4.0000000000000013E-01  3.0000000000000004E-01  2.2902354785283779E-01
  5.0000000000000000E-01  3.0000000000000004E-01  2.3898796193178168E-01
  6.0000000000000009E-01  3.0000000000000004E-01  2.2583744513366155E-01
  7.0000000000000018E-01  3.0000000000000004E-01  1.9095372596104965E-01
  8.0000000000000004E-01  3.0000000000000004E-01  1.3788247533464748E-01
  9.0000000000000013E-01  3.0000000000000004E-01  7.1999055736102976E-02
  1.0000000000000000E+00  3.0000000000000004E-01  0.0000000000000000E+00
 -1.0000000000000000E+00  4.0000000000000013E-01  0.0000000000000000E+00
 -9.0000000000000002E-01  4.0000000000000013E-01  2.5445556422267229E-02
 -8.0000000000000004E-01  4.0000000000000013E-01  4.7304536331456121E-02
 -6.9999999999999996E-01  4.0000000000000013E-01  6.3728072126909646E-02
 -5.9999999999999998E-01  4.0000000000000013E-01  7.3320561576241061E-02
 -5.0000000000000000E-01  4.0000000000000013E-01  7.5297035809565760E-02
 -3.9999999999999991E-01  4.0000000000000013E-01  6.9575073194999920E-02
 -2.9999999999999993E-01  4.0000000000000013E-01  5.6793737634873942E-02
 -1.9999999999999996E-01  4.0000000000000013E-01  3.8258751530253571E-02
 -9.9999999999999978E-02  4.0000000000000013E-01  1.5820026833584744E-02
  0.0000000000000000E+00  4.0000000000000013E-01  8.3059345633961692E-03
  1.0000000000000009E-01  4.0000000000000013E-01  3.1751045512128775E-02
  2.0000000000000018E-01  4.0000000000000013E-01  5.2226805152824574E-02
  3.0000000000000004E-01  4.0000000000000013E-01  6.7748946647484237E-02
  4.0000000000000013E-01  4.0000000000000013E-01  7.6833633009175506E-02
  5.0000000000000000E-01  4.0000000000000013E-01  7.8646188063723615E-02
  6.0000000000000009E-01  4.0000000000000013E-01  7.3088144627934198E-02
  7.0000000000000018E-01  4.0000000000000013E-01  6.0814612155448283E-02
  8.0000000000000004E-01  4.0000000000000013E-01  4.3181020351621996E-02
  9.0000000000000013E-01  4.0000000000000013E-01  2.2125515923446248E-02
  1.0000000000000000E+00  4.0000000000000013E-01  0.0000000000000000E+00
 -1.0000000000000000E+00  5.0000000000000000E-01  0.0000000000000000E+00
 -9.0000000000000002E-01  5.0000000000000000E-01  3.1340205589547643E-02
 -8.0000000000000004E-01  5.0000000000000000E-01  6.0764793352839859E-02
 -6.9999999999999996E-01  5.0000000000000000E-01  8.5087670614743371E-02
 -5.9999999999999998E-01  5.0000000000000000E-01  1.0170498434504828E-01
 -5.0000000000000000E-01  5.0000000000000000E-01  1.0882817952399676E-01
 -3.9999999999999991E-01  5.0000000000000000E-01  1.0564322388924674E-01
 -2.9999999999999993E-01  5.0000000000000000E-01  9.2378861383351413E-02
 -1.9999999999999996E-01  5.0000000000000000E-01  7.0276094359892932E-02
 -9.9999999999999978E-02  5.0000000000000000E-01  4.1461086340334942E-02
  0.0000000000000000E+00  5.0000000000000000E-01  8.7333764304060781E-03
  1.0000000000000009E-01  5.0000000000000000E-01  2.4710222006211650E-02
  2.0000000000000018E-01  5.0000000000000000E-01  5.5589213629625066E-02
  3.0000000000000004E-01  5.0000000000000000E-01  8.0859872947957087E-02
  4.0000000000000013E-01  5.0000000000000000E-01  9.8011122442267090E-02
  5.0000000000000000E-01  5.0000000000000000E-01  1.0530667244552716E-01
  6.0000000000000009E-01  5.0000000000000000E-01  1.0194936198646556E-01
  7.0000000000000018E-01  5.0000000000000000E-01  8.8151063716565184E-02
  8.0000000000000004E-01  5.0000000000000000E-01  6.5100514636678139E-02
  9.0000000000000013E-01  5.0000000000000000E-01  3.4831102756998883E-02
  1.0000000000000000E+00  5.0000000000000000E-01  0.0000000000000000E+00
 -1.0000000000000000E+00  6.0000000000000009E-01  0.0000000000000000E+00
 -9.0000000000000002E-01  6.0000000000000009E-01  9.1535478621780617E-02
 -8.0000000000000004E-01  6.0000000000000009E-01  1.7520661499173071E-01
 -6.9999999999999996E-01  6.0000000000000009E-01  2.4253225365754988E-01
 -5.9999999999999998E-01  6.0000000000000009E-01  2.8671004414054613E-01
 -5.0000000000000000E-01  6.0000000000000009E-01  3.0326154567125801E-01
 -3.9999999999999991E-01  6.0000000000000009E-01  2.9045553252178730E-01
 -2.9999999999999993E-01  6.0000000000000009E-01  2.4946658814958564E-01
 -1.9999999999999996E-01  6.0000000000000009E-01  1.8425239979293320E-01
 -9.9999999999999978E-02  6.0000000000000009E-01  1.0116100821046305E-01
  0.0000000000000000E+00  6.0000000000000009E-01  8.3059345633962438E-03
  1.0000000000000009E-01  6.0000000000000009E-01  8.5229989531919015E-02
  2.0000000000000018E-01  6.0000000000000009E-01  1.7028434617036226E-01
  3.0000000000000004E-01  6.0000000000000009E-01  2.3851137913697532E-01
  4.0000000000000013E-01  6.0000000000000009E-01  2.8319697270761163E-01
  5.0000000000000000E-01  6.0000000000000009E-01  2.9991239341709997E-01
  6.0000000000000009E-01  6.0000000000000009E-01  2.8694246108885280E-01
  7.0000000000000018E-01  6.0000000000000009E-01  2.4544571362901108E-01
  8.0000000000000004E-01  6.0000000000000009E-01  1.7933013097156467E-01
  9.0000000000000013E-01  6.0000000000000009E-01  9.4855519120601306E-02
  1.0000000000000000E+00  6.0000000000000009E-01  0.0000000000000000E+00
 -1.0000000000000000E+00  7.0000000000000018E-01  0.0000000000000000E+00
 -9.0000000000000002E-01  7.0000000000000018E-01  1.5144200354278484E-01
 -8.0000000000000004E-01  7.0000000000000018E-01  2.8899194170512843E-01
 -6.9999999999999996E-01  7.0000000000000018E-01  3.9893806348542638E-01
 -5.9999999999999998E-01  7.0000000000000018E-01  4.7033769774295875E-01
 -5.0000000000000000E-01  7.0000000000000018E-01  4.9607074136717144E-01
 -3.9999999999999991E-01  7.0000000000000018E-01  4.7352380046213471E-01
 -2.9999999999999993E-01  7.0000000000000018E-01  4.0483676072646002E-01
 -1.9999999999999996E-01  7.0000000000000018E-01  2.9668674585844990E-01
 -9.9999999999999978E-02  7.0000000000000018E-01  1.5962996806821400E-01
  0.0000000000000000E+00  7.0000000000000018E-01  7.0654499504721850E-03
  1.0000000000000009E-01  7.0000000000000018E-01  1.4607823415143911E-01
  2.0000000000000018E-01  7.0000000000000018E-01  2.8480480975330535E-01
  3.0000000000000004E-01  7.0000000000000018E-01  3.9551770332421754E-01
  4.0000000000000013E-01  7.0000000000000018E-01  4.6734930068873459E-01
  5.0000000000000000E-01  7.0000000000000018E-01  4.9322178229487779E-01
  6.0000000000000009E-01  7.0000000000000018E-01  4.7053540340791050E-01
  7.0000000000000018E-01  7.0000000000000018E-01  4.0141640056525113E-01
  8.0000000000000004E-01  7.0000000000000018E-01  2.9249961390662671E-01
  9.0000000000000013E-01  7.0000000000000018E-01  1.5426619867686805E-01
  1.0000000000000000E+00  7.0000000000000018E-01  0.0000000000000000E+00
 -1.0000000000000000E+00  8.0000000000000004E-01  0.0000000000000000E+00
 -9.0000000000000002E-01  8.0000000000000004E-01  2.0823860121460608E-01
 -8.0000000000000004E-01  8.0000000000000004E-01  3.9677059158655315E-01
 -6.9999999999999996E-01  8.0000000000000004E-01  5.4696139629151996E-01
 -5.9999999999999998E-01  8.0000000000000004E-01  6.4397824012655536E-01
 -5.0000000000000000E-01  8.0000000000000004E-01  6.7822925453204008E-01
 -3.9999999999999991E-01  8.0000000000000004E-01  6.4629307925063029E-01
 -2.9999999999999993E-01  8.0000000000000004E-01  5.5124705069695878E-01
 -1.9999999999999996E-01  8.0000000000000004E-01  4.0236119404861348E-01
 -9.9999999999999978E-02  8.0000000000000004E-01  2.1418750566012956E-01
  0.0000000000000000E+00  8.0000000000000004E-01  5.1333498685114309E-03
  1.0000000000000009E-01  8.0000000000000004E-01  2.0434159464137996E-01
  2.0000000000000018E-01  8.0000000000000004E-01  3.9372846215318369E-01
  3.0000000000000004E-01  8.0000000000000004E-01  5.4447635917330639E-01
  4.0000000000000013E-01  8.0000000000000004E-01  6.4180704257609555E-01
  5.0000000000000000E-01  8.0000000000000004E-01  6.7615936460547199E-01
  6.0000000000000009E-01  8.0000000000000004E-01  6.4412188170017037E-01
  7.0000000000000018E-01  8.0000000000000004E-01  5.4876201357874532E-01
  8.0000000000000004E-01  8.0000000000000004E-01  3.9931906461524386E-01
  9.0000000000000013E-01  8.0000000000000004E-01  2.1029049908690317E-01
  1.0000000000000000E+00  8.0000000000000004E-01  0.0000000000000000E+00
 -1.0000000000000000E+00  9.0000000000000013E-01  0.0000000000000000E+00
 -9.0000000000000002E-01  9.0000000000000013E-01  2.6055518833133334E-01
 -8.0000000000000004E-01  9.0000000000000013E-01  4.9596146259041018E-01
 -6.9999999999999996E-01  9.0000000000000013E-01  6.8308111629914525E-01
 -5.9999999999999998E-01  9.0000000000000013E-01  8.0352867548023099E-01
 -5.0000000000000000E-01  9.0000000000000013E-01  8.4546385268070945E-01
 -3.9999999999999991E-01  9.0000000000000013E-01  8.0474565842730761E-01
 -2.9999999999999993E-01  9.0000000000000013E-01  6.8533421815587470E-01
 -1.9999999999999996E-01  9.0000000000000013E-01  4.9890061624020493E-01
 -9.9999999999999978E-02  9.0000000000000013E-01  2.6368271248136876E-01
  0.0000000000000000E+00  9.0000000000000013E-01  2.6987617352691208E-03
  1.0000000000000009E-01  9.0000000000000013E-01  2.5850641073165576E-01
  2.0000000000000018E-01  9.0000000000000013E-01  4.9436212050019462E-01
  3.0000000000000004E-01  9.0000000000000013E-01  6.8177465497132950E-01
  4.0000000000000013E-01  9.0000000000000013E-01  8.0238720937739738E-01
  5.0000000000000000E-01  9.0000000000000013E-01  8.4437564714765068E-01
  6.0000000000000009E-01  9.0000000000000013E-01  8.0360419232447400E-01
  7.0000000000000018E-01  9.0000000000000013E-01  6.8402775682805894E-01
  8.0000000000000004E-01  9.0000000000000013E-01  4.9730127414998931E-01
  9.0000000000000013E-01  9.0000000000000013E-01  2.6163393488169079E-01
  1.0000000000000000E+00  9.0000000000000013E-01  0.0000000000000000E+00
 -1.0000000000000000E+00  1.0000000000000000E+00  0.0000000000000000E+00
 -9.0000000000000002E-01  1.0000000000000000E+00  0.0000000000000000E+00
 -8.0000000000000004E-01  1.0000000000000000E+00  0.0000000000000000E+00
 -6.9999999999999996E-01  1.0000000000000000E+00  0.0000000000000000E+00
 -5.9999999999999998E-01  1.0000000000000000E+00  0.0000000000000000E+00
 -5.0000000000000000E-01  1.0000000000000000E+00  0.0000000000000000E+00
 -3.9999999999999991E-01  1.0000000000000000E+00  0.0000000000000000E+00
 -2.9999999999999993E-01  1.0000000000000000E+00  0.0000000000000000E+00
 -1.9999999999999996E-01  1.0000000000000000E+00  0.0000000000000000E+00
 -9.9999999999999978E-02  1.0000000000000000E+00  0.0000000000000000E+00
  0.0000000000000000E+00  1.0000000000000000E+00  0.0000000000000000E+00
  1.0000000000000009E-01  1.0000000000000000E+00  0.0000000000000000E+00
  2.0000000000000018E-01  1.0000000000000000E+00  0.0000000000000000E+00
  3.0000000000000004E-01  1.0000000000000000E+00  0.0000000000000000E+00
  4.0000000000000013E-01  1.0000000000000000E+00  0.0000000000000000E+00
  5.0000000000000000E-01  1.0000000000000000E+00  0.0000000000000000E+00
  6.0000000000000009E-01  1.0000000000000000E+00  0.0000000000000000E+00
  7.0000000000000018E-01  1.0000000000000000E+00  0.0000000000000000E+00
  8.0000000000000004E-01  1.0000000000000000E+00  0.0000000000000000E+00
  9.0000000000000013E-01  1.0000000000000000E+00  0.0000000000000000E+00
  1.0000000000000000E+00  1.0000000000000000E+00  0.0000000000000000E+00
